time,pos_x,pos_y,pos_z,rot_0,rot_1,rot_2,rot_3,throttle,steering
25.292001724243164,28.547800064086914,-8.46912670135498,0.0,0.0,-0.32919999957084656,0.0,0.9442602396011353,0.03212859854102135,-0.0030720520298928022
25.296001434326172,28.55408477783203,-8.474125862121582,0.0,0.0,-0.3300417363643646,0.0,0.9439663290977478,0.03212343901395798,-0.003064727643504739
25.30000114440918,28.560361862182617,-8.479134559631348,0.0,0.0,-0.3308759033679962,0.0,0.9436743259429932,0.03211946040391922,-0.0030381774995476007
25.304000854492188,28.566627502441406,-8.484153747558594,0.0,0.0,-0.3317134976387024,0.0,0.9433802366256714,0.03211364150047302,-0.0030519103165715933
25.308000564575195,28.57288360595703,-8.48918342590332,0.0,0.0,-0.33254751563072205,0.0,0.9430865049362183,0.0321098268032074,-0.0030400084797292948
25.312000274658203,28.579130172729492,-8.494222640991211,0.0,0.0,-0.3333781361579895,0.0,0.9427932500839233,0.0321042463183403,-0.0030281066428869963
25.316001892089844,28.58536720275879,-8.499273300170898,0.0,0.0,-0.3342052102088928,0.0,0.9425003528594971,0.03210067003965378,-0.0030162048060446978
25.32000160217285,28.591594696044922,-8.50433349609375,0.0,0.0,-0.335028737783432,0.0,0.942207932472229,0.032095327973365784,-0.0030043029692023993
25.32400131225586,28.597810745239258,-8.509404182434082,0.0,0.0,-0.33585575222969055,0.0,0.9419134259223938,0.03209198638796806,-0.003018035786226392
25.328001022338867,28.604019165039062,-8.514485359191895,0.0,0.0,-0.33668220043182373,0.0,0.9416183233261108,0.032086800783872604,-0.0030166625510901213
25.332000732421875,28.61021614074707,-8.519576072692871,0.0,0.0,-0.3374991714954376,0.0,0.941325843334198,0.032082706689834595,-0.0029832457657903433
25.336000442504883,28.616405487060547,-8.524677276611328,0.0,0.0,-0.33831557631492615,0.0,0.9410327076911926,0.032079726457595825,-0.0029818725306540728
25.340002059936523,28.622583389282227,-8.52978801727295,0.0,0.0,-0.3391318917274475,0.0,0.94073885679245,0.03207487240433693,-0.0029827880207449198
25.34400177001953,28.628753662109375,-8.53490924835205,0.0,0.0,-0.3399481773376465,0.0,0.9404441714286804,0.03207208216190338,-0.0029832457657903433
25.34800148010254,28.634912490844727,-8.540040969848633,0.0,0.0,-0.3407573997974396,0.0,0.9401512742042542,0.032067425549030304,-0.0029585266020148993
25.352001190185547,28.641063690185547,-8.545182228088379,0.0,0.0,-0.34156307578086853,0.0,0.9398588538169861,0.03206488862633705,-0.0029466247651726007
25.356000900268555,28.64720344543457,-8.550333976745605,0.0,0.0,-0.34237173199653625,0.0,0.93956458568573,0.03206045180559158,-0.0029580688569694757
25.360000610351562,28.65333366394043,-8.555495262145996,0.0,0.0,-0.3431776463985443,0.0,0.9392704963684082,0.03205712512135506,-0.002949371235445142
25.36400032043457,28.659456253051758,-8.56066608428955,0.0,0.0,-0.3439865708351135,0.0,0.9389746189117432,0.03205481171607971,-0.0029612730722874403
25.36800193786621,28.66556739807129,-8.565848350524902,0.0,0.0,-0.34478843212127686,0.0,0.9386804699897766,0.032050687819719315,-0.0029360961634665728
25.37200164794922,28.67167091369629,-8.571039199829102,0.0,0.0,-0.3455866575241089,0.0,0.938386857509613,0.03204861655831337,-0.0029237365815788507
25.376001358032227,28.677764892578125,-8.576240539550781,0.0,0.0,-0.34638479351997375,0.0,0.9380925297737122,0.03204470872879028,-0.0029246520716696978
25.380001068115234,28.683847427368164,-8.581451416015625,0.0,0.0,-0.34718284010887146,0.0,0.937797486782074,0.03204282373189926,-0.0029251098167151213
25.384000778198242,28.689922332763672,-8.58667278289795,0.0,0.0,-0.34798043966293335,0.0,0.937501847743988,0.0320391021668911,-0.0029241943266242743
25.38800048828125,28.695987701416016,-8.591903686523438,0.0,0.0,-0.34877508878707886,0.0,0.9372064471244812,0.03203644976019859,-0.0029145812150090933
25.39200210571289,28.702043533325195,-8.59714412689209,0.0,0.0,-0.3495658040046692,0.0,0.9369118213653564,0.03203484043478966,-0.0029008483979851007
25.3960018157959,28.70808982849121,-8.602394104003906,0.0,0.0,-0.35035640001296997,0.0,0.9366164803504944,0.03203144297003746,-0.0029013061430305243
25.400001525878906,28.714126586914062,-8.607654571533203,0.0,0.0,-0.3511468470096588,0.0,0.936320424079895,0.03203001618385315,-0.0029017638880759478
25.404001235961914,28.720155715942383,-8.612924575805664,0.0,0.0,-0.3519372045993805,0.0,0.9360235929489136,0.03202679753303528,-0.0029022216331213713
25.408000946044922,28.726173400878906,-8.618205070495605,0.0,0.0,-0.3527238965034485,0.0,0.9357274770736694,0.03202555701136589,-0.0028898620512336493
25.41200065612793,28.7321834564209,-8.623495101928711,0.0,0.0,-0.3535066843032837,0.0,0.9354320168495178,0.032022539526224136,-0.0028765867464244366
25.416000366210938,28.738182067871094,-8.628793716430664,0.0,0.0,-0.3542933464050293,0.0,0.9351343512535095,0.03202054277062416,-0.0028912352863699198
25.420001983642578,28.744173049926758,-8.634103775024414,0.0,0.0,-0.3550795912742615,0.0,0.9348360896110535,0.03201959282159805,-0.0028907775413244963
25.424001693725586,28.750154495239258,-8.639422416687012,0.0,0.0,-0.35586220026016235,0.0,0.9345384836196899,0.032016824930906296,-0.0028784179594367743
25.428001403808594,28.756126403808594,-8.644750595092773,0.0,0.0,-0.35664114356040955,0.0,0.9342414736747742,0.032016072422266006,-0.0028660583775490522
25.4320011138916,28.7620906829834,-8.650089263916016,0.0,0.0,-0.3574199378490448,0.0,0.9339438080787659,0.03201349824666977,-0.0028660583775490522
25.43600082397461,28.768043518066406,-8.655437469482422,0.0,0.0,-0.3582020103931427,0.0,0.9336441159248352,0.032012924551963806,-0.0028793334495276213
25.440000534057617,28.773988723754883,-8.660795211791992,0.0,0.0,-0.3589770197868347,0.0,0.9333464503288269,0.032010518014431,-0.0028536985628306866
25.444002151489258,28.779924392700195,-8.666162490844727,0.0,0.0,-0.3597552478313446,0.0,0.9330466985702515,0.032010141760110855,-0.0028669738676398993
25.448001861572266,28.785850524902344,-8.671539306640625,0.0,0.0,-0.36053666472435,0.0,0.932745099067688,0.03200790286064148,-0.0028793334495276213
25.452001571655273,28.791767120361328,-8.676925659179688,0.0,0.0,-0.36130768060684204,0.0,0.9324466586112976,0.03200674057006836,-0.0028422544710338116
25.45600128173828,28.79767608642578,-8.68232250213623,0.0,0.0,-0.3620818853378296,0.0,0.9321463108062744,0.03200662136077881,-0.0028546142857521772
25.46000099182129,28.803573608398438,-8.687727928161621,0.0,0.0,-0.3628593683242798,0.0,0.9318439364433289,0.032004669308662415,-0.0028678893577307463
25.464000701904297,28.809463500976562,-8.693143844604492,0.0,0.0,-0.3636331558227539,0.0,0.9315422177314758,0.032004717737436295,-0.0028550720307976007
25.468000411987305,28.815343856811523,-8.698569297790527,0.0,0.0,-0.3644067347049713,0.0,0.931239902973175,0.032002951949834824,-0.0028550720307976007
25.472002029418945,28.821216583251953,-8.704004287719727,0.0,0.0,-0.3651731610298157,0.0,0.9309396147727966,0.03200317546725273,-0.0028298948891460896
25.476001739501953,28.827077865600586,-8.70944881439209,0.0,0.0,-0.3659427762031555,0.0,0.9306373596191406,0.03200159966945648,-0.0028422544710338116
25.48000144958496,28.832931518554688,-8.714902877807617,0.0,0.0,-0.3667226731777191,0.0,0.9303303360939026,0.03200104087591171,-0.002881622174754739
25.48400115966797,28.838775634765625,-8.720366477966309,0.0,0.0,-0.3674919009208679,0.0,0.9300267100334167,0.03200152888894081,-0.0028427124489098787
25.488000869750977,28.8446102142334,-8.725839614868164,0.0,0.0,-0.36825743317604065,0.0,0.929723858833313,0.03200020641088486,-0.002830352634191513
25.492000579833984,28.850435256958008,-8.7313232421875,0.0,0.0,-0.3690296411514282,0.0,0.929417610168457,0.03200087323784828,-0.0028559875208884478
25.496000289916992,28.856250762939453,-8.736815452575684,0.0,0.0,-0.3698016107082367,0.0,0.9291107654571533,0.03199972212314606,-0.0028559875208884478
25.500001907348633,28.862058639526367,-8.742317199707031,0.0,0.0,-0.3705698847770691,0.0,0.9288046360015869,0.03200056403875351,-0.0028431701939553022
25.50400161743164,28.867856979370117,-8.74782943725586,0.0,0.0,-0.3713344633579254,0.0,0.9284992218017578,0.03199959173798561,-0.002830352634191513
25.50800132751465,28.873645782470703,-8.753351211547852,0.0,0.0,-0.3721056282520294,0.0,0.9281904101371765,0.031999655067920685,-0.0028559875208884478
25.512001037597656,28.879426956176758,-8.758881568908691,0.0,0.0,-0.37287312746047974,0.0,0.9278823137283325,0.032000765204429626,-0.0028431701939553022
25.516000747680664,28.885196685791016,-8.764422416687012,0.0,0.0,-0.3736403286457062,0.0,0.9275736808776855,0.03200004994869232,-0.0028431701939553022
25.520000457763672,28.890958786010742,-8.769972801208496,0.0,0.0,-0.3744107484817505,0.0,0.9272629618644714,0.03200133517384529,-0.0028555297758430243
25.524002075195312,28.896713256835938,-8.775532722473145,0.0,0.0,-0.37517741322517395,0.0,0.9269530177116394,0.032000795006752014,-0.0028427124489098787
25.52800178527832,28.902456283569336,-8.781102180480957,0.0,0.0,-0.3759472668170929,0.0,0.9266411066055298,0.03200225904583931,-0.0028555297758430243
25.532001495361328,28.90818977355957,-8.786681175231934,0.0,0.0,-0.37671345472335815,0.0,0.9263298511505127,0.03200189769268036,-0.0028431701939553022
25.536001205444336,28.913915634155273,-8.792269706726074,0.0,0.0,-0.3774826228618622,0.0,0.9260166883468628,0.03200257569551468,-0.0028550720307976007
25.540000915527344,28.919631958007812,-8.797867774963379,0.0,0.0,-0.3782516121864319,0.0,0.9257028698921204,0.032004304230213165,-0.0028550720307976007
25.54400062561035,28.925338745117188,-8.803475379943848,0.0,0.0,-0.37902024388313293,0.0,0.9253883957862854,0.03200420364737511,-0.0028550720307976007
25.54800033569336,28.9310359954834,-8.809093475341797,0.0,0.0,-0.3797886073589325,0.0,0.9250733256340027,0.03200611099600792,-0.0028550720307976007
25.552001953125,28.936725616455078,-8.814720153808594,0.0,0.0,-0.38056012988090515,0.0,0.9247562289237976,0.03200618922710419,-0.0028674316126853228
25.556001663208008,28.94240379333496,-8.820357322692871,0.0,0.0,-0.38133126497268677,0.0,0.9244384765625,0.032008279114961624,-0.0028674316126853228
25.560001373291016,28.948074340820312,-8.826004028320312,0.0,0.0,-0.38209524750709534,0.0,0.9241229295730591,0.03200853615999222,-0.0028413389809429646
25.564001083374023,28.9537353515625,-8.831660270690918,0.0,0.0,-0.3828657567501068,0.0,0.923803985118866,0.03201078251004219,-0.0028669738676398993
25.56800079345703,28.959388732910156,-8.837326049804688,0.0,0.0,-0.38363611698150635,0.0,0.9234843254089355,0.0320112407207489,-0.0028674316126853228
25.57200050354004,28.965030670166016,-8.843001365661621,0.0,0.0,-0.38440579175949097,0.0,0.9231642484664917,0.032012712210416794,-0.0028656006325036287
25.57600212097168,28.970664978027344,-8.848687171936035,0.0,0.0,-0.38517874479293823,0.0,0.9228419661521912,0.032015249133110046,-0.0028788757044821978
25.580001831054688,28.976287841796875,-8.854381561279297,0.0,0.0,-0.38595131039619446,0.0,0.9225191473960876,0.03201596066355705,-0.0028784179594367743
25.584001541137695,28.981903076171875,-8.860086441040039,0.0,0.0,-0.386726975440979,0.0,0.922194242477417,0.03201868385076523,-0.0028912352863699198
25.588001251220703,28.98750877380371,-8.865800857543945,0.0,0.0,-0.3874988555908203,0.0,0.9218701720237732,0.032019589096307755,-0.0028779602143913507
25.59200096130371,28.993106842041016,-8.871524810791016,0.0,0.0,-0.3882703483104706,0.0,0.9215455055236816,0.032022472470998764,-0.0028775024693459272
25.59600067138672,28.998693466186523,-8.877259254455566,0.0,0.0,-0.38904517889022827,0.0,0.9212186932563782,0.032023560255765915,-0.0028907775413244963
25.600000381469727,29.004270553588867,-8.883002281188965,0.0,0.0,-0.38981911540031433,0.0,0.9208914637565613,0.032025691121816635,-0.0028884888160973787
25.604001998901367,29.00984001159668,-8.888755798339844,0.0,0.0,-0.39059633016586304,0.0,0.9205620884895325,0.032028861343860626,-0.0029017638880759478
25.608001708984375,29.015399932861328,-8.894519805908203,0.0,0.0,-0.3913731575012207,0.0,0.9202320575714111,0.03203023970127106,-0.0029013061430305243
25.612001419067383,29.020950317382812,-8.90029239654541,0.0,0.0,-0.3921530246734619,0.0,0.9199000000953674,0.03203359618782997,-0.0029136657249182463
25.61600112915039,29.0264892578125,-8.906075477600098,0.0,0.0,-0.3929324746131897,0.0,0.919567346572876,0.03203517943620682,-0.0029132079798728228
25.6200008392334,29.03202247619629,-8.91186809539795,0.0,0.0,-0.39370810985565186,0.0,0.9192355275154114,0.032038718461990356,-0.0029003906529396772
25.624000549316406,29.03754425048828,-8.917671203613281,0.0,0.0,-0.3944905400276184,0.0,0.9189000129699707,0.03204046189785004,-0.002926483051851392
25.628002166748047,29.04305648803711,-8.923483848571777,0.0,0.0,-0.39527520537376404,0.0,0.9185627698898315,0.032043278217315674,-0.0029360961634665728
25.632001876831055,29.048559188842773,-8.929306030273438,0.0,0.0,-0.3960563838481903,0.0,0.9182261824607849,0.03204714134335518,-0.0029241943266242743
25.636001586914062,29.054052352905273,-8.935138702392578,0.0,0.0,-0.39683714509010315,0.0,0.9178890585899353,0.032049164175987244,-0.0029237365815788507
25.64000129699707,29.059537887573242,-8.940980911254883,0.0,0.0,-0.39762431383132935,0.0,0.9175483584403992,0.03205321356654167,-0.0029484557453542948
25.644001007080078,29.065011978149414,-8.946832656860352,0.0,0.0,-0.39841100573539734,0.0,0.9172070026397705,0.03205547854304314,-0.0029479980003088713
25.648000717163086,29.070478439331055,-8.952695846557617,0.0,0.0,-0.3992006182670593,0.0,0.9168636202812195,0.03205971419811249,-0.0029603575821965933
25.652000427246094,29.0759334564209,-8.95856761932373,0.0,0.0,-0.3999863862991333,0.0,0.9165210723876953,0.03206219896674156,-0.0029466247651726007
25.656002044677734,29.08138084411621,-8.964449882507324,0.0,0.0,-0.40077516436576843,0.0,0.9161764979362488,0.03206659108400345,-0.0029589843470603228
25.660001754760742,29.086816787719727,-8.970342636108398,0.0,0.0,-0.4015706181526184,0.0,0.9158281087875366,0.03206929937005043,-0.002985534491017461
25.66400146484375,29.092243194580078,-8.976244926452637,0.0,0.0,-0.40236127376556396,0.0,0.9154809713363647,0.032072991132736206,-0.0029685974586755037
25.668001174926758,29.0976619720459,-8.982157707214355,0.0,0.0,-0.4031553268432617,0.0,0.9151315689086914,0.032077763229608536,-0.0029823302756994963
25.672000885009766,29.103069305419922,-8.988080024719238,0.0,0.0,-0.4039488732814789,0.0,0.9147815704345703,0.03208072856068611,-0.0029814147856086493
25.676000595092773,29.10846710205078,-8.994012832641602,0.0,0.0,-0.4047453701496124,0.0,0.9144294857978821,0.03208569064736366,-0.0029937743674963713
25.68000030517578,29.11385726928711,-8.999956130981445,0.0,0.0,-0.4055480360984802,0.0,0.9140737652778625,0.03208888694643974,-0.0030184935312718153
25.684001922607422,29.11923599243164,-9.005908966064453,0.0,0.0,-0.40635359287261963,0.0,0.9137159585952759,0.03209412097930908,-0.003030395368114114
25.68800163269043,29.124605178833008,-9.011873245239258,0.0,0.0,-0.407152384519577,0.0,0.9133602380752563,0.03209754824638367,-0.0030061339493840933
25.692001342773438,29.12996482849121,-9.017847061157227,0.0,0.0,-0.4079495370388031,0.0,0.913004457950592,0.03210195153951645,-0.003001098521053791
25.696001052856445,29.13531494140625,-9.02383041381836,0.0,0.0,-0.40875688195228577,0.0,0.912643313407898,0.032107479870319366,-0.0030404662247747183
25.700000762939453,29.140653610229492,-9.029825210571289,0.0,0.0,-0.40956369042396545,0.0,0.9122815728187561,0.03211124613881111,-0.0030395507346838713
25.70400047302246,29.145984649658203,-9.035829544067383,0.0,0.0,-0.4103732705116272,0.0,0.9119176864624023,0.032116975635290146,-0.0030514525715261698
25.7080020904541,29.151304244995117,-9.041845321655273,0.0,0.0,-0.4111855924129486,0.0,0.9115516543388367,0.03212098404765129,-0.0030628966633230448
25.71200180053711,29.156614303588867,-9.047870635986328,0.0,0.0,-0.41200077533721924,0.0,0.9111834764480591,0.03212695196270943,-0.0030747985001653433
25.716001510620117,29.161914825439453,-9.053906440734863,0.0,0.0,-0.41281595826148987,0.0,0.9108144640922546,0.03213121369481087,-0.003076171735301614
25.720001220703125,29.167205810546875,-9.059952735900879,0.0,0.0,-0.41362929344177246,0.0,0.9104453921318054,0.03213643655180931,-0.003070678561925888
25.724000930786133,29.1724853515625,-9.066009521484375,0.0,0.0,-0.41444268822669983,0.0,0.9100754261016846,0.03214280307292938,-0.0030720520298928022
25.72800064086914,29.177757263183594,-9.072076797485352,0.0,0.0,-0.4152621328830719,0.0,0.9097018241882324,0.032147280871868134,-0.0030963134486228228
25.73200035095215,29.18301773071289,-9.078155517578125,0.0,0.0,-0.41609102487564087,0.0,0.90932297706604,0.03215394541621208,-0.0031329344492405653
25.73600196838379,29.188268661499023,-9.084243774414062,0.0,0.0,-0.41691264510154724,0.0,0.9089465737342834,0.03215876966714859,-0.0031068420503288507
25.740001678466797,29.19350814819336,-9.090343475341797,0.0,0.0,-0.41774025559425354,0.0,0.9085665345191956,0.03216555342078209,-0.0031306457240134478
25.744001388549805,29.19873809814453,-9.096452713012695,0.0,0.0,-0.4185712933540344,0.0,0.9081839919090271,0.03217069059610367,-0.003144836286082864
25.748001098632812,29.20395851135254,-9.10257339477539,0.0,0.0,-0.41939687728881836,0.0,0.9078029990196228,0.03217678144574165,-0.0031256102956831455
25.75200080871582,29.20916748046875,-9.108704566955566,0.0,0.0,-0.4202291965484619,0.0,0.9074180126190186,0.03218398243188858,-0.0031526184175163507
25.756000518798828,29.214366912841797,-9.114847183227539,0.0,0.0,-0.4210675358772278,0.0,0.9070293307304382,0.032189443707466125,-0.0031768798362463713
25.76000213623047,29.21955680847168,-9.121000289916992,0.0,0.0,-0.42190849781036377,0.0,0.9066384434700012,0.03219696134328842,-0.0031878661829978228
25.764001846313477,29.224735260009766,-9.127163887023926,0.0,0.0,-0.4227420687675476,0.0,0.9062500596046448,0.032202694565057755,-0.003161315806210041
25.768001556396484,29.229904174804688,-9.133338928222656,0.0,0.0,-0.4235815703868866,0.0,0.9058579802513123,0.0322103276848793,-0.003185119479894638
25.772001266479492,29.235063552856445,-9.139524459838867,0.0,0.0,-0.42443037033081055,0.0,0.9054605960845947,0.0322163924574852,-0.0032217407133430243
25.7760009765625,29.240211486816406,-9.145721435546875,0.0,0.0,-0.4252784252166748,0.0,0.9050625562667847,0.03222440928220749,-0.00322036724537611
25.780000686645508,29.24534797668457,-9.151928901672363,0.0,0.0,-0.42612650990486145,0.0,0.9046635627746582,0.03223070129752159,-0.0032221984583884478
25.784000396728516,29.25047492980957,-9.158147811889648,0.0,0.0,-0.4269755780696869,0.0,0.9042631983757019,0.03223799541592598,-0.00322723388671875
25.788002014160156,29.255590438842773,-9.164377212524414,0.0,0.0,-0.4278312623500824,0.0,0.9038586020469666,0.03224646672606468,-0.003253784030675888
25.792001724243164,29.260696411132812,-9.170618057250977,0.0,0.0,-0.4286862015724182,0.0,0.9034534692764282,0.03225316107273102,-0.0032524107955396175
25.796001434326172,29.265790939331055,-9.176870346069336,0.0,0.0,-0.42954695224761963,0.0,0.9030445218086243,0.032261863350868225,-0.003275756724178791
25.80000114440918,29.270875930786133,-9.183134078979492,0.0,0.0,-0.4304101765155792,0.0,0.9026334285736084,0.032268911600112915,-0.0032867430709302425
25.804000854492188,29.275949478149414,-9.189409255981445,0.0,0.0,-0.4312693178653717,0.0,0.9022232890129089,0.0322779081761837,-0.0032725525088608265
25.808000564575195,29.28101348876953,-9.195694923400879,0.0,0.0,-0.43213507533073425,0.0,0.9018089175224304,0.03228512778878212,-0.003299560397863388
25.812000274658203,29.28606414794922,-9.20199203491211,0.0,0.0,-0.4330081343650818,0.0,0.9013900756835938,0.032293543219566345,-0.003328857244923711
25.816001892089844,29.291105270385742,-9.208301544189453,0.0,0.0,-0.43388113379478455,0.0,0.9009701013565063,0.032303083688020706,-0.0033306884579360485
25.82000160217285,29.2961368560791,-9.214621543884277,0.0,0.0,-0.43475663661956787,0.0,0.900547981262207,0.03231079503893852,-0.0033412170596420765
25.82400131225586,29.30115509033203,-9.220953941345215,0.0,0.0,-0.4356345236301422,0.0,0.900123655796051,0.032320648431777954,-0.003351745428517461
25.828001022338867,29.306163787841797,-9.227296829223633,0.0,0.0,-0.43651145696640015,0.0,0.8996986746788025,0.03232866898179054,-0.003349914448335767
25.832000732421875,29.311161041259766,-9.233652114868164,0.0,0.0,-0.43739408254623413,0.0,0.8992699384689331,0.03233876824378967,-0.0033732603769749403
25.836000442504883,29.316146850585938,-9.240018844604492,0.0,0.0,-0.43828001618385315,0.0,0.8988385200500488,0.0323471762239933,-0.003387451171875
25.840002059936523,29.321123123168945,-9.246397018432617,0.0,0.0,-0.43916961550712585,0.0,0.8984041810035706,0.03235664963722229,-0.0034030149690806866
25.84400177001953,29.326087951660156,-9.252786636352539,0.0,0.0,-0.44005921483039856,0.0,0.8979687690734863,0.03236733376979828,-0.0034048461820930243
25.84800148010254,29.331039428710938,-9.259188652038574,0.0,0.0,-0.4409543573856354,0.0,0.8975295424461365,0.03237611800432205,-0.0034277343656867743
25.852001190185547,29.335981369018555,-9.265603065490723,0.0,0.0,-0.44185182452201843,0.0,0.8970881104469299,0.032387204468250275,-0.0034382629673928022
25.856000900268555,29.340911865234375,-9.272027969360352,0.0,0.0,-0.4427514970302582,0.0,0.8966443538665771,0.03239631652832031,-0.0034487913362681866
25.860000610351562,29.3458309173584,-9.27846622467041,0.0,0.0,-0.44365668296813965,0.0,0.8961968421936035,0.032407741993665695,-0.003471221774816513
25.86400032043457,29.350738525390625,-9.284915924072266,0.0,0.0,-0.4445618987083435,0.0,0.8957481980323792,0.032417263835668564,-0.0034730529878288507
25.86800193786621,29.355634689331055,-9.291377067565918,0.0,0.0,-0.44547039270401,0.0,0.8952966928482056,0.032428011298179626,-0.0034877012949436903
25.87200164794922,29.360519409179688,-9.2978515625,0.0,0.0,-0.44638216495513916,0.0,0.8948424458503723,0.032439835369586945,-0.00350189208984375
25.876001358032227,29.365392684936523,-9.304336547851562,0.0,0.0,-0.44729605317115784,0.0,0.8943859338760376,0.03244999051094055,-0.003511962713673711
25.880001068115234,29.37025260925293,-9.310834884643555,0.0,0.0,-0.4482121169567108,0.0,0.8939272165298462,0.03246216103434563,-0.0035220335703343153
25.884000778198242,29.375102996826172,-9.31734561920166,0.0,0.0,-0.44913673400878906,0.0,0.8934630155563354,0.03247266635298729,-0.003556823590770364
25.88800048828125,29.379940032958984,-9.323868751525879,0.0,0.0,-0.45006346702575684,0.0,0.8929965496063232,0.03248535469174385,-0.0035664367023855448
25.89200210571289,29.384767532348633,-9.330404281616211,0.0,0.0,-0.4509890079498291,0.0,0.8925295472145081,0.03249622508883476,-0.0035641479771584272
25.8960018157959,29.38958168029785,-9.336952209472656,0.0,0.0,-0.4519166350364685,0.0,0.8920602202415466,0.03250919282436371,-0.0035737608559429646
25.900001525878906,29.394384384155273,-9.343511581420898,0.0,0.0,-0.4528506100177765,0.0,0.891586422920227,0.03252042457461357,-0.0036003112327307463
25.904001235961914,29.3991756439209,-9.35008430480957,0.0,0.0,-0.45378750562667847,0.0,0.8911099433898926,0.03253290429711342,-0.0036135863047093153
25.908000946044922,29.403953552246094,-9.356670379638672,0.0,0.0,-0.45472434163093567,0.0,0.8906322121620178,0.03254646807909012,-0.003614959539845586
25.91200065612793,29.408720016479492,-9.36326789855957,0.0,0.0,-0.4556695222854614,0.0,0.8901489973068237,0.03255829960107803,-0.003649291815236211
25.916000366210938,29.413475036621094,-9.369878768920898,0.0,0.0,-0.45661988854408264,0.0,0.8896619081497192,0.032572418451309204,-0.003671264508739114
25.920001983642578,29.418216705322266,-9.376502990722656,0.0,0.0,-0.4575657248497009,0.0,0.8891758322715759,0.032584723085165024,-0.0036557007115334272
25.924001693725586,29.42294692993164,-9.383138656616211,0.0,0.0,-0.4585166573524475,0.0,0.8886858224868774,0.03259904310107231,-0.0036776731722056866
25.928001403808594,29.427663803100586,-9.389788627624512,0.0,0.0,-0.4594707489013672,0.0,0.8881929516792297,0.03261182829737663,-0.0036914062220603228
25.9320011138916,29.432369232177734,-9.396450996398926,0.0,0.0,-0.46043044328689575,0.0,0.8876957893371582,0.032625604420900345,-0.0037156676407903433
25.93600082397461,29.437063217163086,-9.40312671661377,0.0,0.0,-0.4613964259624481,0.0,0.8871940970420837,0.032640840858221054,-0.0037417602725327015
25.940000534057617,29.441743850708008,-9.409814834594727,0.0,0.0,-0.46236416697502136,0.0,0.8866901397705078,0.03265417367219925,-0.0037509154062718153
25.944002151489258,29.4464111328125,-9.41651725769043,0.0,0.0,-0.4633305072784424,0.0,0.8861855864524841,0.03266981616616249,-0.0037477111909538507
25.948001861572266,29.451066970825195,-9.423232078552246,0.0,0.0,-0.4642986059188843,0.0,0.885678768157959,0.03268345817923546,-0.003756408579647541
25.952001571655273,29.45570945739746,-9.429960250854492,0.0,0.0,-0.4652746915817261,0.0,0.885166347026825,0.03269951045513153,-0.003789825364947319
25.95600128173828,29.46034049987793,-9.436701774597168,0.0,0.0,-0.4662507176399231,0.0,0.8846526741981506,0.03271375969052315,-0.003791656345129013
25.96000099182129,29.46495819091797,-9.443456649780273,0.0,0.0,-0.46723195910453796,0.0,0.8841347694396973,0.032729197293519974,-0.0038140867836773396
25.964000701904297,29.469562530517578,-9.450225830078125,0.0,0.0,-0.4682193100452423,0.0,0.8836122751235962,0.032745931297540665,-0.0038401794154196978
25.968000411987305,29.474153518676758,-9.457008361816406,0.0,0.0,-0.4692082405090332,0.0,0.8830875754356384,0.03276096656918526,-0.003848876804113388
25.972002029418945,29.47873306274414,-9.463804244995117,0.0,0.0,-0.47019878029823303,0.0,0.8825605511665344,0.03277812898159027,-0.0038571166805922985
25.976001739501953,29.48329734802246,-9.470613479614258,0.0,0.0,-0.47119396924972534,0.0,0.8820295929908752,0.03279358893632889,-0.0038777159061282873
25.98000144958496,29.487850189208984,-9.477437019348145,0.0,0.0,-0.4721875786781311,0.0,0.8814980983734131,0.03281129151582718,-0.0038735962007194757
25.98400115966797,29.492389678955078,-9.484273910522461,0.0,0.0,-0.4731903374195099,0.0,0.88096022605896,0.032827090471982956,-0.003912048414349556
25.988000869750977,29.496915817260742,-9.491125106811523,0.0,0.0,-0.4741979241371155,0.0,0.8804182410240173,0.03284452110528946,-0.003933105152100325
25.992000579833984,29.501428604125977,-9.497989654541016,0.0,0.0,-0.4752020835876465,0.0,0.8798766732215881,0.0328628346323967,-0.0039221192710101604
25.996000289916992,29.50592803955078,-9.504868507385254,0.0,0.0,-0.4762154221534729,0.0,0.8793286681175232,0.03287957236170769,-0.0039601135067641735
26.000001907348633,29.510414123535156,-9.511761665344238,0.0,0.0,-0.47723180055618286,0.0,0.8787774443626404,0.03289763256907463,-0.003974761813879013
26.00400161743164,29.514888763427734,-9.518670082092285,0.0,0.0,-0.47824937105178833,0.0,0.8782240748405457,0.03291783109307289,-0.0039820862002670765
26.00800132751465,29.51934814453125,-9.525590896606445,0.0,0.0,-0.47926512360572815,0.0,0.877670168876648,0.032934390008449554,-0.003977508284151554
26.012001037597656,29.523792266845703,-9.532526969909668,0.0,0.0,-0.480291485786438,0.0,0.8771089911460876,0.03295297920703888,-0.00402145367115736
26.016000747680664,29.52822494506836,-9.539477348327637,0.0,0.0,-0.4813190698623657,0.0,0.8765454888343811,0.0329723134636879,-0.0040287780575454235
26.020000457763672,29.532642364501953,-9.546442031860352,0.0,0.0,-0.48234474658966064,0.0,0.8759814500808716,0.03299137204885483,-0.004024200141429901
26.024002075195312,29.53704833984375,-9.553421974182129,0.0,0.0,-0.48338085412979126,0.0,0.8754101395606995,0.03301303833723068,-0.00406723003834486
26.02800178527832,29.541439056396484,-9.560415267944336,0.0,0.0,-0.4844211935997009,0.0,0.8748348951339722,0.03303096443414688,-0.0040869140066206455
26.032001495361328,29.545814514160156,-9.567423820495605,0.0,0.0,-0.485459566116333,0.0,0.8742591142654419,0.033051274716854095,-0.004081420600414276
26.036001205444336,29.5501766204834,-9.574447631835938,0.0,0.0,-0.4865049421787262,0.0,0.8736778497695923,0.03307153284549713,-0.004112090915441513
26.040000915527344,29.55452537536621,-9.581485748291016,0.0,0.0,-0.4875514507293701,0.0,0.8730942606925964,0.03309454768896103,-0.0041194153018295765
26.04400062561035,29.558860778808594,-9.588539123535156,0.0,0.0,-0.4885961413383484,0.0,0.8725100755691528,0.03311333805322647,-0.004114837385714054
26.04800033569336,29.56317901611328,-9.595606803894043,0.0,0.0,-0.4896477162837982,0.0,0.8719204068183899,0.03313477337360382,-0.004144592210650444
26.052001953125,29.567485809326172,-9.602689743041992,0.0,0.0,-0.490703284740448,0.0,0.871326744556427,0.03315627574920654,-0.0041633606888353825
26.056001663208008,29.57177734375,-9.609787940979004,0.0,0.0,-0.4917623996734619,0.0,0.8707294464111328,0.03317834809422493,-0.0041802977211773396
26.060001373291016,29.5760555267334,-9.616901397705078,0.0,0.0,-0.4928257167339325,0.0,0.8701280355453491,0.03320245444774628,-0.0041995239444077015
26.064001083374023,29.5803165435791,-9.624030113220215,0.0,0.0,-0.4938962161540985,0.0,0.8695208430290222,0.03322321176528931,-0.004230651538819075
26.06800079345703,29.584564208984375,-9.631174087524414,0.0,0.0,-0.4949611723423004,0.0,0.8689150810241699,0.03324613720178604,-0.0042118835262954235
26.07200050354004,29.58879852294922,-9.638334274291992,0.0,0.0,-0.49602949619293213,0.0,0.8683056831359863,0.03326912969350815,-0.004227905068546534
26.07600212097168,29.593017578125,-9.645508766174316,0.0,0.0,-0.49710482358932495,0.0,0.8676905035972595,0.0332946814596653,-0.004259033128619194
26.080001831054688,29.59722137451172,-9.65269947052002,0.0,0.0,-0.49818143248558044,0.0,0.8670728206634521,0.03331650793552399,-0.004266815260052681
26.084001541137695,29.601409912109375,-9.659905433654785,0.0,0.0,-0.4992581605911255,0.0,0.8664532899856567,0.033340636640787125,-0.004270477220416069
26.088001251220703,29.60558319091797,-9.66712760925293,0.0,0.0,-0.5003443956375122,0.0,0.8658264875411987,0.03336497023701668,-0.0043112183921039104
26.09200096130371,29.609743118286133,-9.674365043640137,0.0,0.0,-0.5014247894287109,0.0,0.8652012944221497,0.03339005634188652,-0.0042910766787827015
26.09600067138672,29.613887786865234,-9.681618690490723,0.0,0.0,-0.5025150775909424,0.0,0.8645684719085693,0.03341663256287575,-0.00433364836499095
26.100000381469727,29.61801528930664,-9.688888549804688,0.0,0.0,-0.5036123394966125,0.0,0.8639297485351562,0.0334407277405262,-0.00436477642506361
26.104001998901367,29.622129440307617,-9.696174621582031,0.0,0.0,-0.5046977400779724,0.0,0.8632960915565491,0.03346617519855499,-0.004320373293012381
26.108001708984375,29.6262264251709,-9.703475952148438,0.0,0.0,-0.50579833984375,0.0,0.8626518249511719,0.03349224850535393,-0.004384002648293972
26.112001419067383,29.63031005859375,-9.710793495178223,0.0,0.0,-0.5068984031677246,0.0,0.8620058298110962,0.033518966287374496,-0.004385833628475666
26.11600112915039,29.63437843322754,-9.718128204345703,0.0,0.0,-0.50799959897995,0.0,0.8613573312759399,0.033547576516866684,-0.0043931580148637295
26.1200008392334,29.638429641723633,-9.725478172302246,0.0,0.0,-0.5091047286987305,0.0,0.8607046008110046,0.03357291594147682,-0.004412383772432804
26.124000549316406,29.642465591430664,-9.732845306396484,0.0,0.0,-0.5102094411849976,0.0,0.8600502014160156,0.03360028937458992,-0.004413757007569075
26.128002166748047,29.646486282348633,-9.740228652954102,0.0,0.0,-0.5113192796707153,0.0,0.8593908548355103,0.033628176897764206,-0.0044380188919603825
26.132001876831055,29.65049171447754,-9.747629165649414,0.0,0.0,-0.5124330520629883,0.0,0.8587271571159363,0.03365839645266533,-0.004457244649529457
26.136001586914062,29.65447998046875,-9.755044937133789,0.0,0.0,-0.5135478973388672,0.0,0.858060896396637,0.033685069531202316,-0.0044645690359175205
26.14000129699707,29.6584529876709,-9.762478828430176,0.0,0.0,-0.5146676301956177,0.0,0.8573898077011108,0.0337139293551445,-0.004487914964556694
26.144001007080078,29.662410736083984,-9.769928932189941,0.0,0.0,-0.5157846212387085,0.0,0.8567183613777161,0.033743467181921005,-0.004480132833123207
26.148000717163086,29.666351318359375,-9.777395248413086,0.0,0.0,-0.5169034600257874,0.0,0.8560437560081482,0.0337727814912796,-0.004491576924920082
26.152000427246094,29.670276641845703,-9.784879684448242,0.0,0.0,-0.518028974533081,0.0,0.8553630709648132,0.03380504995584488,-0.0045217894949018955
26.156002044677734,29.67418670654297,-9.792381286621094,0.0,0.0,-0.5191526412963867,0.0,0.8546815514564514,0.033833328634500504,-0.0045181275345385075
26.160001754760742,29.678077697753906,-9.799899101257324,0.0,0.0,-0.5202836990356445,0.0,0.8539934754371643,0.033864106982946396,-0.004551086109131575
26.16400146484375,29.681955337524414,-9.80743408203125,0.0,0.0,-0.5214162468910217,0.0,0.8533024787902832,0.03389543294906616,-0.004561156965792179
26.168001174926758,29.685813903808594,-9.814987182617188,0.0,0.0,-0.5225469470024109,0.0,0.8526105284690857,0.03392895683646202,-0.0045570372603833675
26.172000885009766,29.68965721130371,-9.82255744934082,0.0,0.0,-0.5236842632293701,0.0,0.8519124984741211,0.033958807587623596,-0.0045877075754106045
26.176000595092773,29.693485260009766,-9.830144882202148,0.0,0.0,-0.5248228907585144,0.0,0.851211428642273,0.03399133309721947,-0.004596862476319075
26.18000030517578,29.697294235229492,-9.837749481201172,0.0,0.0,-0.5259556174278259,0.0,0.8505120277404785,0.034023940563201904,-0.004576721228659153
26.184001922607422,29.701087951660156,-9.845372200012207,0.0,0.0,-0.5270950794219971,0.0,0.8498063087463379,0.03405679017305374,-0.004607848823070526
26.18800163269043,29.704864501953125,-9.853013038635254,0.0,0.0,-0.5282410383224487,0.0,0.8490944504737854,0.0340924896299839,-0.004637603648006916
26.192001342773438,29.70862579345703,-9.86067008972168,0.0,0.0,-0.5293850302696228,0.0,0.8483816981315613,0.03412436693906784,-0.004633941687643528
26.196001052856445,29.71236801147461,-9.868346214294434,0.0,0.0,-0.5305300354957581,0.0,0.8476661443710327,0.0341586098074913,-0.004641723353415728
26.200000762939453,29.716093063354492,-9.8760404586792,0.0,0.0,-0.5316773056983948,0.0,0.8469470143318176,0.03419326990842819,-0.004654540680348873
26.20400047302246,29.719802856445312,-9.88375186920166,0.0,0.0,-0.5328308343887329,0.0,0.8462218046188354,0.03422835096716881,-0.0046838377602398396
26.2080020904541,29.723493576049805,-9.891481399536133,0.0,0.0,-0.533979594707489,0.0,0.8454973697662354,0.034266144037246704,-0.004669189453125
26.21200180053711,29.727169036865234,-9.899229049682617,0.0,0.0,-0.5351293087005615,0.0,0.8447701930999756,0.03429960459470749,-0.004676513373851776
26.216001510620117,29.730825424194336,-9.90699577331543,0.0,0.0,-0.5362822413444519,0.0,0.844038724899292,0.03433612734079361,-0.004693908616900444
26.220001220703125,29.734464645385742,-9.914779663085938,0.0,0.0,-0.5374356508255005,0.0,0.8433047533035278,0.034372564405202866,-0.00469985930249095
26.224000930786133,29.738088607788086,-9.922582626342773,0.0,0.0,-0.538592517375946,0.0,0.8425663709640503,0.034411899745464325,-0.004717712290585041
26.22800064086914,29.7416934967041,-9.930403709411621,0.0,0.0,-0.539747416973114,0.0,0.8418270349502563,0.03444724902510643,-0.0047145080752670765
26.23200035095215,29.745281219482422,-9.938243865966797,0.0,0.0,-0.5409053564071655,0.0,0.8410834670066833,0.03448515757918358,-0.00473098736256361
26.23600196838379,29.748849868774414,-9.946102142333984,0.0,0.0,-0.5420650839805603,0.0,0.8403365015983582,0.034523505717515945,-0.004741973709315062
26.240001678466797,29.75240135192871,-9.953978538513184,0.0,0.0,-0.5432301759719849,0.0,0.8395838141441345,0.03456229344010353,-0.0047685238532722
26.244001388549805,29.755935668945312,-9.961874008178711,0.0,0.0,-0.544395923614502,0.0,0.838828444480896,0.03460383415222168,-0.0047753904946148396
26.248001098632812,29.75945281982422,-9.969789505004883,0.0,0.0,-0.5455517172813416,0.0,0.838077187538147,0.03464139252901077,-0.004738769493997097
26.25200080871582,29.762950897216797,-9.97772216796875,0.0,0.0,-0.5467100739479065,0.0,0.8373219966888428,0.03468097373843193,-0.004753417801111937
26.256000518798828,29.766429901123047,-9.985673904418945,0.0,0.0,-0.5478726625442505,0.0,0.8365617394447327,0.034721553325653076,-0.0047753904946148396
26.26000213623047,29.769893646240234,-9.993644714355469,0.0,0.0,-0.5490374565124512,0.0,0.8357977271080017,0.034762218594551086,-0.004788665566593409
26.264001846313477,29.773338317871094,-10.001636505126953,0.0,0.0,-0.5502029657363892,0.0,0.8350310325622559,0.03480583801865578,-0.004795989952981472
26.268001556396484,29.776763916015625,-10.009645462036133,0.0,0.0,-0.5513690710067749,0.0,0.834261417388916,0.03484528511762619,-0.004802856128662825
26.272001266479492,29.780170440673828,-10.01767349243164,0.0,0.0,-0.552537202835083,0.0,0.8334882259368896,0.03488770127296448,-0.004816131666302681
26.2760009765625,29.783559799194336,-10.02572250366211,0.0,0.0,-0.5536995530128479,0.0,0.8327165246009827,0.03493019938468933,-0.004795989952981472
26.280000686645508,29.78693199157715,-10.03378963470459,0.0,0.0,-0.5548624396324158,0.0,0.831942081451416,0.034975096583366394,-0.004803313873708248
26.284000396728516,29.790283203125,-10.041876792907715,0.0,0.0,-0.5560312867164612,0.0,0.8311614394187927,0.03501639887690544,-0.0048316954635083675
26.288002014160156,29.793617248535156,-10.049983024597168,0.0,0.0,-0.55719393491745,0.0,0.8303824067115784,0.035060491412878036,-0.004811553750187159
26.292001724243164,29.796932220458984,-10.05810832977295,0.0,0.0,-0.5583630204200745,0.0,0.8295968174934387,0.03510427102446556,-0.004841766320168972
26.296001434326172,29.800230026245117,-10.066254615783691,0.0,0.0,-0.559533417224884,0.0,0.8288077712059021,0.0351497083902359,-0.004852294921875
26.30000114440918,29.803508758544922,-10.074419975280762,0.0,0.0,-0.5606916546821594,0.0,0.828024685382843,0.035196565091609955,-0.0048065185546875
26.304000854492188,29.806766510009766,-10.082605361938477,0.0,0.0,-0.5618555545806885,0.0,0.8272353410720825,0.03523983433842659,-0.004834899678826332
26.308000564575195,29.810007095336914,-10.09080982208252,0.0,0.0,-0.5630208849906921,0.0,0.8264426589012146,0.035285912454128265,-0.004844970535486937
26.312002182006836,29.813228607177734,-10.099034309387207,0.0,0.0,-0.564184844493866,0.0,0.8256485462188721,0.035332269966602325,-0.0048440550453960896
26.316001892089844,29.816431045532227,-10.107279777526855,0.0,0.0,-0.5653492212295532,0.0,0.8248516917228699,0.035381242632865906,-0.004850463941693306
26.32000160217285,29.81961441040039,-10.115544319152832,0.0,0.0,-0.5665167570114136,0.0,0.82405024766922,0.035426437854766846,-0.00486831646412611
26.32400131225586,29.822778701782227,-10.123828887939453,0.0,0.0,-0.5676752924919128,0.0,0.8232526183128357,0.03547445684671402,-0.004835357423871756
26.328001022338867,29.825923919677734,-10.132133483886719,0.0,0.0,-0.5688319206237793,0.0,0.8224537968635559,0.03552193194627762,-0.0048326109535992146
26.332000732421875,29.829051971435547,-10.140459060668945,0.0,0.0,-0.5699943900108337,0.0,0.8216485977172852,0.03557072579860687,-0.0048614502884447575
26.336000442504883,29.832157135009766,-10.148804664611816,0.0,0.0,-0.5711548924446106,0.0,0.8208423256874084,0.035621725022792816,-0.004857787862420082
26.340002059936523,29.83524513244629,-10.157170295715332,0.0,0.0,-0.5723133683204651,0.0,0.8200350403785706,0.03566916659474373,-0.004854125902056694
26.34400177001953,29.838314056396484,-10.165556907653809,0.0,0.0,-0.5734724998474121,0.0,0.8192248344421387,0.03571881353855133,-0.004861908033490181
26.34800148010254,29.84136199951172,-10.17396354675293,0.0,0.0,-0.5746272206306458,0.0,0.8184152841567993,0.03576938062906265,-0.004848174750804901
26.352001190185547,29.844390869140625,-10.182390213012695,0.0,0.0,-0.5757800340652466,0.0,0.8176047205924988,0.03581959381699562,-0.004844512790441513
26.356000900268555,29.847400665283203,-10.190837860107422,0.0,0.0,-0.5769319534301758,0.0,0.8167921900749207,0.03587307780981064,-0.004845886025577784
26.360000610351562,29.850391387939453,-10.19930648803711,0.0,0.0,-0.5780808329582214,0.0,0.815979540348053,0.03592204675078392,-0.004837646149098873
26.36400032043457,29.853363037109375,-10.207795143127441,0.0,0.0,-0.5792323350906372,0.0,0.8151624798774719,0.035974085330963135,-0.004854125902056694
26.36800193786621,29.856313705444336,-10.216304779052734,0.0,0.0,-0.5803804397583008,0.0,0.8143455386161804,0.03602640703320503,-0.0048440550453960896
26.37200164794922,29.85924530029297,-10.224835395812988,0.0,0.0,-0.5815312266349792,0.0,0.8135241270065308,0.036081258207559586,-0.004860534332692623
26.376001358032227,29.86215591430664,-10.233386039733887,0.0,0.0,-0.5826718807220459,0.0,0.8127075433731079,0.036132682114839554,-0.00482254009693861
26.380001068115234,29.865047454833984,-10.241957664489746,0.0,0.0,-0.5838077068328857,0.0,0.8118919730186462,0.03618541732430458,-0.0048069762997329235
26.384000778198242,29.867919921875,-10.250550270080566,0.0,0.0,-0.584950864315033,0.0,0.8110687136650085,0.03623954579234123,-0.0048431395553052425
26.38800048828125,29.870773315429688,-10.259163856506348,0.0,0.0,-0.5860878825187683,0.0,0.8102474808692932,0.036293964833021164,-0.004822082351893187
26.39200210571289,29.87360382080078,-10.267799377441406,0.0,0.0,-0.5872243046760559,0.0,0.8094242811203003,0.036350686103105545,-0.004823913332074881
26.3960018157959,29.87641716003418,-10.27645492553711,0.0,0.0,-0.5883563756942749,0.0,0.8086017370223999,0.03640388697385788,-0.004810638260096312
26.400001525878906,29.879209518432617,-10.285131454467773,0.0,0.0,-0.5894835591316223,0.0,0.807780385017395,0.036459047347307205,-0.0047946167178452015
26.404001235961914,29.881980895996094,-10.293828964233398,0.0,0.0,-0.590618371963501,0.0,0.8069510459899902,0.036514949053525925,-0.004832153208553791
26.408000946044922,29.884733200073242,-10.3025484085083,0.0,0.0,-0.5917443633079529,0.0,0.8061257004737854,0.036574073135852814,-0.004799194168299437
26.41200065612793,29.887466430664062,-10.311288833618164,0.0,0.0,-0.5928605794906616,0.0,0.8053051233291626,0.03662795200943947,-0.004762573167681694
26.416000366210938,29.890178680419922,-10.320049285888672,0.0,0.0,-0.5939773321151733,0.0,0.8044818043708801,0.03668493777513504,-0.0047698975540697575
26.420001983642578,29.89286994934082,-10.328831672668457,0.0,0.0,-0.5950940847396851,0.0,0.8036561012268066,0.03674209117889404,-0.0047744750045239925
26.424001693725586,29.89554214477539,-10.337635040283203,0.0,0.0,-0.5962076783180237,0.0,0.8028302192687988,0.03680011257529259,-0.004766235128045082
26.428001403808594,29.898193359375,-10.346460342407227,0.0,0.0,-0.5973184704780579,0.0,0.8020042181015015,0.03686019033193588,-0.004758911207318306
26.4320011138916,29.90082359313965,-10.355306625366211,0.0,0.0,-0.5984252691268921,0.0,0.8011786341667175,0.03691677004098892,-0.0047470093704760075
26.43600082397461,29.90343475341797,-10.364173889160156,0.0,0.0,-0.5995256900787354,0.0,0.8003555536270142,0.03697528317570686,-0.0047241211868822575
26.440000534057617,29.906024932861328,-10.373063087463379,0.0,0.0,-0.6006292104721069,0.0,0.7995277047157288,0.03703443333506584,-0.004742431454360485
26.444002151489258,29.90859603881836,-10.381973266601562,0.0,0.0,-0.6017261743545532,0.0,0.7987025380134583,0.037094343453645706,-0.004718627780675888
26.448001861572266,29.91114616394043,-10.390905380249023,0.0,0.0,-0.6028136610984802,0.0,0.7978820204734802,0.03715606406331062,-0.004683380015194416
26.452001571655273,29.913677215576172,-10.399858474731445,0.0,0.0,-0.6039007306098938,0.0,0.7970595359802246,0.037213802337646484,-0.004686126485466957
26.45600128173828,29.91618537902832,-10.408832550048828,0.0,0.0,-0.6049866676330566,0.0,0.7962356209754944,0.0372743085026741,-0.004686126485466957
26.46000099182129,29.91867446899414,-10.417828559875488,0.0,0.0,-0.6060681939125061,0.0,0.7954126596450806,0.03733521327376366,-0.004671935923397541
26.464000701904297,29.921142578125,-10.42684555053711,0.0,0.0,-0.607144832611084,0.0,0.7945911884307861,0.03739852085709572,-0.0046554566361010075
26.468000411987305,29.92359161376953,-10.435884475708008,0.0,0.0,-0.6082156300544739,0.0,0.7937718629837036,0.03745773062109947,-0.0046353149227797985
26.472002029418945,29.9260196685791,-10.444944381713867,0.0,0.0,-0.6092873811721802,0.0,0.7929494976997375,0.03751920908689499,-0.0046440125443041325
26.476001739501953,29.92842674255371,-10.45402717590332,0.0,0.0,-0.6103522777557373,0.0,0.7921301126480103,0.03758183494210243,-0.004619292914867401
26.48000144958496,29.930814743041992,-10.463129997253418,0.0,0.0,-0.6114083528518677,0.0,0.7913152575492859,0.037643611431121826,-0.0045854183845222
26.48400115966797,29.933181762695312,-10.472254753112793,0.0,0.0,-0.6124619245529175,0.0,0.7905001044273376,0.037708528339862823,-0.004579467698931694
26.488000869750977,29.935527801513672,-10.481401443481445,0.0,0.0,-0.6135119795799255,0.0,0.7896854281425476,0.03776883706450462,-0.004568939097225666
26.492000579833984,29.93785285949707,-10.490568161010742,0.0,0.0,-0.6145575046539307,0.0,0.7888720631599426,0.037832166999578476,-0.004553833045065403
26.496002197265625,29.94015884399414,-10.499757766723633,0.0,0.0,-0.6156026124954224,0.0,0.7880567312240601,0.03789525479078293,-0.004556579515337944
26.500001907348633,29.94244384765625,-10.508968353271484,0.0,0.0,-0.6166399121284485,0.0,0.7872453331947327,0.03795963153243065,-0.004527282435446978
26.50400161743164,29.94470977783203,-10.518200874328613,0.0,0.0,-0.6176654696464539,0.0,0.7864410281181335,0.038025107234716415,-0.004480590578168631
26.50800132751465,29.94695281982422,-10.527454376220703,0.0,0.0,-0.6186908483505249,0.0,0.7856345176696777,0.03808686509728432,-0.0044847107492387295
26.512001037597656,29.949176788330078,-10.536728858947754,0.0,0.0,-0.6197115778923035,0.0,0.7848296761512756,0.03815112262964249,-0.004468688741326332
26.516000747680664,29.95138168334961,-10.546025276184082,0.0,0.0,-0.6207266449928284,0.0,0.7840270400047302,0.03821564465761185,-0.0044485474936664104
26.520000457763672,29.953563690185547,-10.555343627929688,0.0,0.0,-0.6217373609542847,0.0,0.7832258343696594,0.03828253597021103,-0.004433898720890284
26.524002075195312,29.955726623535156,-10.564682960510254,0.0,0.0,-0.6227480173110962,0.0,0.7824224829673767,0.03834531828761101,-0.004438476637005806
26.52800178527832,29.957870483398438,-10.574043273925781,0.0,0.0,-0.623745858669281,0.0,0.7816272377967834,0.03841099888086319,-0.0043862913735210896
26.532001495361328,29.959991455078125,-10.583425521850586,0.0,0.0,-0.6247332692146301,0.0,0.7808382511138916,0.03847547993063927,-0.004345092456787825
26.536001205444336,29.962093353271484,-10.592828750610352,0.0,0.0,-0.6257219314575195,0.0,0.7800461649894714,0.03854086622595787,-0.004354705568403006
26.540000915527344,29.964176177978516,-10.602252960205078,0.0,0.0,-0.6267046928405762,0.0,0.7792568802833557,0.03860888257622719,-0.004333190619945526
26.54400062561035,29.966238021850586,-10.611699104309082,0.0,0.0,-0.627685546875,0.0,0.7784669995307922,0.03867224603891373,-0.004329528659582138
26.54800033569336,29.968278884887695,-10.621166229248047,0.0,0.0,-0.6286507248878479,0.0,0.7776877880096436,0.03873877599835396,-0.004264526069164276
26.552001953125,29.970300674438477,-10.630653381347656,0.0,0.0,-0.6296160817146301,0.0,0.7769064903259277,0.03880339115858078,-0.0042691039852797985
26.556001663208008,29.972301483154297,-10.64016342163086,0.0,0.0,-0.6305738091468811,0.0,0.7761293053627014,0.038873326033353806,-0.004239806905388832
26.560001373291016,29.974285125732422,-10.649694442749023,0.0,0.0,-0.6315268874168396,0.0,0.7753539681434631,0.038935620337724686,-0.004223785363137722
26.564001083374023,29.976245880126953,-10.659245491027832,0.0,0.0,-0.6324790716171265,0.0,0.7745774388313293,0.039003655314445496,-0.004223785363137722
26.56800079345703,29.978187561035156,-10.668817520141602,0.0,0.0,-0.6334125995635986,0.0,0.77381432056427,0.03906920179724693,-0.0041450499556958675
26.57200050354004,29.9801082611084,-10.678411483764648,0.0,0.0,-0.6343510150909424,0.0,0.7730451226234436,0.039135657250881195,-0.004171142354607582
26.57600212097168,29.982009887695312,-10.688026428222656,0.0,0.0,-0.6352735161781311,0.0,0.7722872495651245,0.03920527547597885,-0.004104308784008026
26.580001831054688,29.983890533447266,-10.697661399841309,0.0,0.0,-0.636193573474884,0.0,0.7715294361114502,0.03926814720034599,-0.0040974426083266735
26.584001541137695,29.985754013061523,-10.707317352294922,0.0,0.0,-0.6371127963066101,0.0,0.7707706093788147,0.03933611512184143,-0.004097900353372097
26.588001251220703,29.987594604492188,-10.716994285583496,0.0,0.0,-0.6380156874656677,0.0,0.7700233459472656,0.039402224123477936,-0.004029235802590847
26.59200096130371,29.989418029785156,-10.726692199707031,0.0,0.0,-0.6389148831367493,0.0,0.7692774534225464,0.039468828588724136,-0.0040164184756577015
26.59600067138672,29.991222381591797,-10.736410140991211,0.0,0.0,-0.6398099660873413,0.0,0.7685331702232361,0.03953775018453598,-0.004001769702881575
26.600000381469727,29.993005752563477,-10.746149063110352,0.0,0.0,-0.6406973004341125,0.0,0.767793595790863,0.03960240259766579,-0.003971099853515625
26.604001998901367,29.994770050048828,-10.755908012390137,0.0,0.0,-0.64157634973526,0.0,0.7670592665672302,0.03966880962252617,-0.003937683068215847
26.608001708984375,29.99651336669922,-10.765687942504883,0.0,0.0,-0.6424553394317627,0.0,0.7663231492042542,0.03973555937409401,-0.003941345028579235
26.612001419067383,29.998239517211914,-10.775487899780273,0.0,0.0,-0.6433212161064148,0.0,0.7655963897705078,0.0398053303360939,-0.0038859557826071978
26.61600112915039,29.99994659423828,-10.785307884216309,0.0,0.0,-0.6441751718521118,0.0,0.7648780345916748,0.03986869007349014,-0.0038360594771802425
26.6200008392334,30.001632690429688,-10.795148849487305,0.0,0.0,-0.6450263261795044,0.0,0.7641603350639343,0.03993520513176918,-0.0038278198335319757
26.624000549316406,30.003299713134766,-10.805008888244629,0.0,0.0,-0.6458703875541687,0.0,0.763447105884552,0.04000148922204971,-0.0037985227536410093
26.628002166748047,30.00494956970215,-10.814888954162598,0.0,0.0,-0.6467079520225525,0.0,0.7627376914024353,0.040067825466394424,-0.0037738035898655653
26.632001876831055,30.006580352783203,-10.824790000915527,0.0,0.0,-0.6475376486778259,0.0,0.7620335221290588,0.04013644903898239,-0.003740844549611211
26.636001586914062,30.008190155029297,-10.834710121154785,0.0,0.0,-0.6483592987060547,0.0,0.7613344788551331,0.040200065821409225,-0.003708801232278347
26.64000129699707,30.009782791137695,-10.844650268554688,0.0,0.0,-0.6491811275482178,0.0,0.7606338858604431,0.04026596620678902,-0.003712463192641735
26.644001007080078,30.011356353759766,-10.854609489440918,0.0,0.0,-0.6499887108802795,0.0,0.759943962097168,0.04033292084932327,-0.0036511230282485485
26.648000717163086,30.01291275024414,-10.864588737487793,0.0,0.0,-0.650781512260437,0.0,0.759265124797821,0.04039983078837395,-0.0035879516508430243
26.652000427246094,30.014450073242188,-10.874587059020996,0.0,0.0,-0.6515737771987915,0.0,0.7585852742195129,0.04046287387609482,-0.0035888671409338713
26.656002044677734,30.015968322753906,-10.884604454040527,0.0,0.0,-0.6523591876029968,0.0,0.7579099535942078,0.04052818939089775,-0.003560943529009819
26.660001754760742,30.017467498779297,-10.894641876220703,0.0,0.0,-0.6531404852867126,0.0,0.7572367787361145,0.040593381971120834,-0.003545379498973489
26.66400146484375,30.018949508666992,-10.90469741821289,0.0,0.0,-0.6539034247398376,0.0,0.7565780282020569,0.040658894926309586,-0.003465270856395364
26.668001174926758,30.020414352416992,-10.914772987365723,0.0,0.0,-0.6546653509140015,0.0,0.7559188604354858,0.04072431102395058,-0.0034634398762136698
26.672000885009766,30.021860122680664,-10.924866676330566,0.0,0.0,-0.6554184556007385,0.0,0.7552659511566162,0.04078807309269905,-0.00342636089771986
26.676000595092773,30.02328872680664,-10.934978485107422,0.0,0.0,-0.6561622619628906,0.0,0.7546198964118958,0.04085038974881172,-0.0033869934268295765
26.680002212524414,30.024700164794922,-10.945110321044922,0.0,0.0,-0.6568987369537354,0.0,0.7539787888526917,0.0409158319234848,-0.003356780856847763
26.684001922607422,30.026092529296875,-10.955259323120117,0.0,0.0,-0.6576285362243652,0.0,0.75334233045578,0.040977708995342255,-0.003328857244923711
26.68800163269043,30.027469635009766,-10.965428352355957,0.0,0.0,-0.6583601236343384,0.0,0.752703070640564,0.041045255959033966,-0.0033398435916751623
26.692001342773438,30.028827667236328,-10.975614547729492,0.0,0.0,-0.6590620875358582,0.0,0.7520886063575745,0.04110580310225487,-0.003207092173397541
26.696001052856445,30.030168533325195,-10.985817909240723,0.0,0.0,-0.6597667932510376,0.0,0.7514703869819641,0.041166480630636215,-0.0032226562034338713
26.700000762939453,30.031494140625,-10.996040344238281,0.0,0.0,-0.6604625582695007,0.0,0.7508589625358582,0.04123075306415558,-0.003184203989803791
26.70400047302246,30.032800674438477,-11.006280899047852,0.0,0.0,-0.6611502170562744,0.0,0.7502535581588745,0.04129303619265556,-0.0031494139693677425
26.7080020904541,30.03409194946289,-11.016538619995117,0.0,0.0,-0.661830723285675,0.0,0.7496533393859863,0.041354164481163025,-0.0031192016322165728
26.71200180053711,30.03536605834961,-11.026812553405762,0.0,0.0,-0.662503182888031,0.0,0.7490590810775757,0.04141342639923096,-0.0030853271018713713
26.716001510620117,30.036623001098633,-11.037105560302734,0.0,0.0,-0.6631748676300049,0.0,0.7484645247459412,0.041476305574178696,-0.0030834961216896772
26.720001220703125,30.037864685058594,-11.047414779663086,0.0,0.0,-0.6638178825378418,0.0,0.7478943467140198,0.041536133736371994,-0.002954406663775444
26.724000930786133,30.039091110229492,-11.057741165161133,0.0,0.0,-0.664465606212616,0.0,0.7473188638687134,0.04159694164991379,-0.0029786680825054646
26.72800064086914,30.040298461914062,-11.068084716796875,0.0,0.0,-0.6651021242141724,0.0,0.7467523813247681,0.04165586084127426,-0.0029292297549545765
26.73200035095215,30.041492462158203,-11.078444480895996,0.0,0.0,-0.6657305359840393,0.0,0.746192216873169,0.041712772101163864,-0.002893981756642461
26.73600196838379,30.04267120361328,-11.088821411132812,0.0,0.0,-0.6663508415222168,0.0,0.745638370513916,0.041773322969675064,-0.002858733991160989
26.740001678466797,30.043832778930664,-11.099214553833008,0.0,0.0,-0.6669626235961914,0.0,0.7450911998748779,0.0418318510055542,-0.0028216552454978228
26.744001388549805,30.044979095458984,-11.109623908996582,0.0,0.0,-0.6675765514373779,0.0,0.7445411682128906,0.04188895225524902,-0.0028335570823401213
26.748001098632812,30.046112060546875,-11.120049476623535,0.0,0.0,-0.6681607365608215,0.0,0.7440169453620911,0.041946008801460266,-0.002698516706004739
26.75200080871582,30.04722785949707,-11.130489349365234,0.0,0.0,-0.6687456965446472,0.0,0.7434912323951721,0.04200055077672005,-0.002703552134335041
26.756000518798828,30.048328399658203,-11.140947341918945,0.0,0.0,-0.6693220734596252,0.0,0.7429723739624023,0.04205835983157158,-0.0026660156436264515
26.76000213623047,30.049415588378906,-11.151418685913086,0.0,0.0,-0.6698907613754272,0.0,0.7424596548080444,0.042114317417144775,-0.00263214111328125
26.764001846313477,30.05048942565918,-11.161906242370605,0.0,0.0,-0.6704551577568054,0.0,0.7419500350952148,0.04216872155666351,-0.0026138306129723787
26.768001556396484,30.05154800415039,-11.172409057617188,0.0,0.0,-0.6709999442100525,0.0,0.7414574027061462,0.04222187027335167,-0.0025250243488699198
26.772001266479492,30.05259132385254,-11.182926177978516,0.0,0.0,-0.6715413928031921,0.0,0.7409670352935791,0.04227549955248833,-0.0025112915318459272
26.7760009765625,30.053621292114258,-11.19345760345459,0.0,0.0,-0.672073245048523,0.0,0.7404847145080566,0.04232851788401604,-0.0024682616349309683
26.780000686645508,30.054637908935547,-11.204004287719727,0.0,0.0,-0.672602653503418,0.0,0.7400038242340088,0.04238329827785492,-0.0024586485233157873
26.784000396728516,30.055641174316406,-11.21456527709961,0.0,0.0,-0.6731124520301819,0.0,0.7395402193069458,0.04243380203843117,-0.002368927001953125
26.788002014160156,30.056629180908203,-11.225140571594238,0.0,0.0,-0.6736171245574951,0.0,0.7390804886817932,0.042482614517211914,-0.002346954308450222
26.792001724243164,30.057605743408203,-11.235729217529297,0.0,0.0,-0.6741245985031128,0.0,0.7386176586151123,0.04253511130809784,-0.002361144870519638
26.796001434326172,30.058568954467773,-11.246332168579102,0.0,0.0,-0.674602210521698,0.0,0.7381815314292908,0.04258747398853302,-0.0022233580239117146
26.80000114440918,30.059520721435547,-11.25694751739502,0.0,0.0,-0.6750761866569519,0.0,0.7377480268478394,0.0426318533718586,-0.0022082519717514515
26.804000854492188,30.060457229614258,-11.267577171325684,0.0,0.0,-0.6755506992340088,0.0,0.7373135685920715,0.04268135875463486,-0.0022119139321148396
26.808000564575195,30.061382293701172,-11.278219223022461,0.0,0.0,-0.6760103702545166,0.0,0.7368921041488647,0.04272880032658577,-0.0021441651042550802
26.812002182006836,30.06229591369629,-11.288873672485352,0.0,0.0,-0.6764622926712036,0.0,0.736477255821228,0.042775679379701614,-0.002108459360897541
26.816001892089844,30.06319808959961,-11.299541473388672,0.0,0.0,-0.6769094467163086,0.0,0.7360662817955017,0.04282444342970848,-0.0020878601353615522
26.82000160217285,30.0640869140625,-11.310221672058105,0.0,0.0,-0.6773422956466675,0.0,0.7356680035591125,0.04286820441484451,-0.0020219420548528433
26.82400131225586,30.064964294433594,-11.320914268493652,0.0,0.0,-0.6777616143226624,0.0,0.7352817058563232,0.04291178286075592,-0.0019601439125835896
26.828001022338867,30.06583023071289,-11.33161735534668,0.0,0.0,-0.6781761050224304,0.0,0.7348994016647339,0.042955655604600906,-0.0019381713354960084
26.832000732421875,30.066686630249023,-11.34233283996582,0.0,0.0,-0.6785814762115479,0.0,0.7345251441001892,0.0429985448718071,-0.0018965149065479636
26.836000442504883,30.06753158569336,-11.353060722351074,0.0,0.0,-0.6789780259132385,0.0,0.7341586351394653,0.043043386191129684,-0.0018566894577816129
26.840002059936523,30.06836700439453,-11.363799095153809,0.0,0.0,-0.6793704032897949,0.0,0.7337955236434937,0.04308217391371727,-0.0018379210960119963
26.84400177001953,30.069189071655273,-11.374547958374023,0.0,0.0,-0.6797428727149963,0.0,0.7334504723548889,0.04312386363744736,-0.0017454528715461493
26.84800148010254,30.070003509521484,-11.385308265686035,0.0,0.0,-0.680111289024353,0.0,0.7331088781356812,0.04316128417849541,-0.0017271422548219562
26.852001190185547,30.0708065032959,-11.396080017089844,0.0,0.0,-0.6804760098457336,0.0,0.7327703833580017,0.043204959481954575,-0.0017111205961555243
26.856000900268555,30.07159996032715,-11.4068603515625,0.0,0.0,-0.6808207631111145,0.0,0.7324500679969788,0.0432392880320549,-0.0016177367651835084
26.860000610351562,30.072383880615234,-11.41765022277832,0.0,0.0,-0.6811615824699402,0.0,0.732133150100708,0.043276347219944,-0.0015998840099200606
26.864002227783203,30.07316017150879,-11.428451538085938,0.0,0.0,-0.6814925670623779,0.0,0.731825053691864,0.043312638998031616,-0.0015545653877779841
26.86800193786621,30.073925018310547,-11.439260482788086,0.0,0.0,-0.68181973695755,0.0,0.7315202355384827,0.0433478057384491,-0.0015371703775599599
26.87200164794922,30.074684143066406,-11.450080871582031,0.0,0.0,-0.6821272969245911,0.0,0.7312334775924683,0.043386060744524,-0.0014456176431849599
26.876001358032227,30.07543182373047,-11.460908889770508,0.0,0.0,-0.6824303269386292,0.0,0.730950653553009,0.043414611369371414,-0.0014250183012336493
26.880001068115234,30.076171875,-11.471746444702148,0.0,0.0,-0.6827242970466614,0.0,0.7306760549545288,0.04344947263598442,-0.0013833617558702826
26.884000778198242,30.076904296875,-11.482590675354004,0.0,0.0,-0.6830087900161743,0.0,0.7304101586341858,0.0434788353741169,-0.0013385009951889515
26.88800048828125,30.07762908935547,-11.49344539642334,0.0,0.0,-0.6832890510559082,0.0,0.7301479578018188,0.043514352291822433,-0.0013197326334193349
26.89200210571289,30.078346252441406,-11.50430679321289,0.0,0.0,-0.6835501194000244,0.0,0.7299035787582397,0.043540384620428085,-0.001229095389135182
26.8960018157959,30.079055786132812,-11.515175819396973,0.0,0.0,-0.6838115453720093,0.0,0.7296586632728577,0.04356921464204788,-0.0012313842307776213
26.900001525878906,30.079757690429688,-11.526052474975586,0.0,0.0,-0.6840529441833496,0.0,0.7294323444366455,0.04359806701540947,-0.001137542654760182
26.904001235961914,30.080455780029297,-11.536935806274414,0.0,0.0,-0.6842905282974243,0.0,0.7292094826698303,0.04362260922789574,-0.0011201476445421576
26.908000946044922,30.081144332885742,-11.54782772064209,0.0,0.0,-0.6845184564590454,0.0,0.7289955615997314,0.043653346598148346,-0.0010748290224000812
26.91200065612793,30.08182716369629,-11.558725357055664,0.0,0.0,-0.6847370266914368,0.0,0.7287902235984802,0.04367323964834213,-0.001030883751809597
26.916000366210938,30.082504272460938,-11.56962776184082,0.0,0.0,-0.6849568486213684,0.0,0.7285836338996887,0.04369940981268883,-0.0010372924152761698
26.920001983642578,30.083175659179688,-11.580537796020508,0.0,0.0,-0.6851460933685303,0.0,0.728405773639679,0.04372227191925049,-0.00089263916015625
26.924001693725586,30.08384132385254,-11.591453552246094,0.0,0.0,-0.6853360533714294,0.0,0.7282270193099976,0.04374169185757637,-0.0008967590401880443
26.928001403808594,30.084501266479492,-11.602375984191895,0.0,0.0,-0.6855168342590332,0.0,0.728056788444519,0.04376743361353874,-0.0008532714564353228
26.9320011138916,30.08515739440918,-11.613301277160645,0.0,0.0,-0.6856881380081177,0.0,0.7278954386711121,0.043782226741313934,-0.0008093261276371777
26.93600082397461,30.08580780029297,-11.62423324584961,0.0,0.0,-0.6858553290367126,0.0,0.7277379035949707,0.04380332678556442,-0.000789642333984375
26.940000534057617,30.086454391479492,-11.63516902923584,0.0,0.0,-0.6860018968582153,0.0,0.7275997400283813,0.04381983354687691,-0.0006925964262336493
26.944002151489258,30.08709716796875,-11.646109580993652,0.0,0.0,-0.6861500144004822,0.0,0.7274600863456726,0.0438389852643013,-0.0006994628929533064
26.948001861572266,30.08773422241211,-11.657054901123047,0.0,0.0,-0.6862784028053284,0.0,0.727338969707489,0.043853241950273514,-0.0006069946102797985
26.952001571655273,30.088369369506836,-11.668002128601074,0.0,0.0,-0.6864022612571716,0.0,0.7272220849990845,0.0438653863966465,-0.0005854797200299799
26.95600128173828,30.089000701904297,-11.678955078125,0.0,0.0,-0.6865167021751404,0.0,0.7271140217781067,0.04388124868273735,-0.0005410766461864114
26.96000099182129,30.089628219604492,-11.689908981323242,0.0,0.0,-0.6866209506988525,0.0,0.7270155549049377,0.0438913069665432,-0.000493011437356472
26.964000701904297,30.090253829956055,-11.700868606567383,0.0,0.0,-0.6867161393165588,0.0,0.7269257307052612,0.04390750825405121,-0.00044998168596066535
26.968000411987305,30.090877532958984,-11.711828231811523,0.0,0.0,-0.6868022680282593,0.0,0.726844310760498,0.04391291365027428,-0.0004074096505064517
26.972002029418945,30.091495513916016,-11.722792625427246,0.0,0.0,-0.6868836879730225,0.0,0.726767361164093,0.043924447149038315,-0.00038543701521120965
26.976001739501953,30.09211540222168,-11.733757972717285,0.0,0.0,-0.6869450211524963,0.0,0.7267094254493713,0.04393141716718674,-0.0002902221749536693
26.98000144958496,30.092731475830078,-11.744726181030273,0.0,0.0,-0.6870073080062866,0.0,0.726650595664978,0.04394101724028587,-0.0002947998000308871
26.98400115966797,30.093345642089844,-11.755695343017578,0.0,0.0,-0.6870500445365906,0.0,0.7266101837158203,0.043945591896772385,-0.00020233153190929443
26.988000869750977,30.09395980834961,-11.766664505004883,0.0,0.0,-0.687088131904602,0.0,0.726574182510376,0.04394811391830444,-0.0001799011224647984
26.992000579833984,30.094573974609375,-11.777636528015137,0.0,0.0,-0.6871218681335449,0.0,0.7265421748161316,0.0439542680978775,-0.00015975951100699604
26.996002197265625,30.095184326171875,-11.78860855102539,0.0,0.0,-0.6871355175971985,0.0,0.7265293002128601,0.043955814093351364,-6.45446780254133e-05
27.000001907348633,30.095796585083008,-11.799581527709961,0.0,0.0,-0.6871501803398132,0.0,0.7265154123306274,0.043960001319646835,-6.958007725188509e-05
27.00400161743164,30.09640884399414,-11.810554504394531,0.0,0.0,-0.6871452927589417,0.0,0.7265200018882751,0.043959155678749084,2.3345946829067543e-05
27.00800132751465,30.097021102905273,-11.821525573730469,0.0,0.0,-0.6871305704116821,0.0,0.7265339493751526,0.04395626112818718,6.958007725188509e-05
27.012001037597656,30.097633361816406,-11.832498550415039,0.0,0.0,-0.6871218681335449,0.0,0.7265421748161316,0.043955814093351364,4.119873119634576e-05
27.016000747680664,30.09824562072754,-11.843469619750977,0.0,0.0,-0.6870930194854736,0.0,0.7265694737434387,0.0439542680978775,0.0001364135678159073
27.020000457763672,30.098857879638672,-11.854440689086914,0.0,0.0,-0.6870497465133667,0.0,0.7266103625297546,0.0439518578350544,0.00020462035899981856
27.024002075195312,30.09947395324707,-11.865408897399902,0.0,0.0,-0.6870023608207703,0.0,0.7266551852226257,0.04394441843032837,0.00022430419630836695
27.02800178527832,30.10009002685547,-11.87637710571289,0.0,0.0,-0.6869451999664307,0.0,0.726709246635437,0.04393845424056053,0.0002705383230932057
27.032001495361328,30.1007080078125,-11.88734245300293,0.0,0.0,-0.6868781447410583,0.0,0.7267726063728333,0.043931398540735245,0.00031723020947538316
27.036001205444336,30.101329803466797,-11.898305892944336,0.0,0.0,-0.6868070960044861,0.0,0.7268397212028503,0.043925825506448746,0.0003359985421411693
27.040000915527344,30.101951599121094,-11.90926742553711,0.0,0.0,-0.6867164373397827,0.0,0.7269254922866821,0.04391526058316231,0.0004289245407562703
27.04400062561035,30.102577209472656,-11.920225143432617,0.0,0.0,-0.686616063117981,0.0,0.7270202040672302,0.04390260577201843,0.0004747009079437703
27.04800033569336,30.103206634521484,-11.931180000305176,0.0,0.0,-0.6865217089653015,0.0,0.7271093130111694,0.04389248788356781,0.000446319580078125
27.052001953125,30.103836059570312,-11.942131996154785,0.0,0.0,-0.6864070892333984,0.0,0.7272174954414368,0.04388120770454407,0.0005419921944849193
27.056001663208008,30.10447120666504,-11.953081130981445,0.0,0.0,-0.686278223991394,0.0,0.7273390889167786,0.04386914148926735,0.0006088256486691535
27.060001373291016,30.10511016845703,-11.964025497436523,0.0,0.0,-0.6861451864242554,0.0,0.7274646162986755,0.0438520573079586,0.0006289672455750406
27.064001083374023,30.105751037597656,-11.974966049194336,0.0,0.0,-0.6860023736953735,0.0,0.7275992631912231,0.04383647441864014,0.0006747436127625406
27.06800079345703,30.10639762878418,-11.985901832580566,0.0,0.0,-0.6858552098274231,0.0,0.7277380228042603,0.04381983354687691,0.0006953430129215121
27.07200050354004,30.10704803466797,-11.996833801269531,0.0,0.0,-0.6856932044029236,0.0,0.72789067029953,0.04380330443382263,0.0007653808570466936
27.07600212097168,30.107704162597656,-12.007759094238281,0.0,0.0,-0.6855168342590332,0.0,0.728056788444519,0.043785978108644485,0.0008326721144840121
27.080001831054688,30.10836410522461,-12.018680572509766,0.0,0.0,-0.6853311657905579,0.0,0.7282315492630005,0.04376368224620819,0.0008766173850744963
27.084001541137695,30.10902976989746,-12.029596328735352,0.0,0.0,-0.6851462721824646,0.0,0.7284055948257446,0.04374173283576965,0.0008729553082957864
27.088001251220703,30.10970115661621,-12.040506362915039,0.0,0.0,-0.6849512457847595,0.0,0.728588879108429,0.04372227191925049,0.0009201049688272178
27.09200096130371,30.11037826538086,-12.051410675048828,0.0,0.0,-0.6847367286682129,0.0,0.7287905216217041,0.04370076581835747,0.0010121155064553022
27.09600067138672,30.111061096191406,-12.062307357788086,0.0,0.0,-0.68452388048172,0.0,0.7289904356002808,0.04367441684007645,0.0010038757463917136
27.100000381469727,30.111751556396484,-12.073198318481445,0.0,0.0,-0.6842906475067139,0.0,0.7292093634605408,0.04365077242255211,0.001099548302590847
27.104001998901367,30.11244773864746,-12.084081649780273,0.0,0.0,-0.6840531229972839,0.0,0.7294321656227112,0.04362260922789574,0.0011196898994967341
27.108001708984375,30.113149642944336,-12.094958305358887,0.0,0.0,-0.6838058829307556,0.0,0.7296639680862427,0.04359810799360275,0.0011650085216388106
27.112001419067383,30.113859176635742,-12.105827331542969,0.0,0.0,-0.6835496425628662,0.0,0.7299041152000427,0.04357053339481354,0.0012071228120476007
27.11600112915039,30.11457633972168,-12.116689682006836,0.0,0.0,-0.6832945346832275,0.0,0.7301428914070129,0.0435415580868721,0.0012011718936264515
27.1200008392334,30.11530113220215,-12.127543449401855,0.0,0.0,-0.6830092668533325,0.0,0.7304097414016724,0.043511778116226196,0.0013430785620585084
27.124000549316406,30.11603355407715,-12.138387680053711,0.0,0.0,-0.6827244758605957,0.0,0.7306759357452393,0.043478917330503464,0.001339874230325222
27.128002166748047,30.11677360534668,-12.149226188659668,0.0,0.0,-0.6824302673339844,0.0,0.7309507131576538,0.043452005833387375,0.0013842773623764515
27.132001876831055,30.117523193359375,-12.160054206848145,0.0,0.0,-0.6821271777153015,0.0,0.731233537197113,0.0434146523475647,0.0014250183012336493
27.136001586914062,30.1182804107666,-12.170873641967773,0.0,0.0,-0.681814968585968,0.0,0.7315247058868408,0.0433834046125412,0.0014675903366878629
27.14000129699707,30.11904525756836,-12.181682586669922,0.0,0.0,-0.6814929842948914,0.0,0.7318246960639954,0.043346840888261795,0.0015129089588299394
27.144001007080078,30.119821548461914,-12.192483901977539,0.0,0.0,-0.6811609864234924,0.0,0.732133686542511,0.043313685804605484,0.0015591430710628629
27.148000717163086,30.12060546875,-12.203274726867676,0.0,0.0,-0.6808201670646667,0.0,0.7324506044387817,0.04327775537967682,0.0015998840099200606
27.152000427246094,30.12139892578125,-12.214056015014648,0.0,0.0,-0.6804810762405396,0.0,0.7327656149864197,0.04324032738804817,0.0015911865048110485
27.156002044677734,30.122201919555664,-12.22482681274414,0.0,0.0,-0.6801114678382874,0.0,0.7331086993217468,0.04320242628455162,0.0017335510347038507
27.160001754760742,30.123016357421875,-12.235586166381836,0.0,0.0,-0.679743230342865,0.0,0.733450174331665,0.04316128417849541,0.0017262267647311091
27.16400146484375,30.12384033203125,-12.24633502960205,0.0,0.0,-0.679365336894989,0.0,0.7338002324104309,0.043123941868543625,0.0017706298967823386
27.168001174926758,30.12467384338379,-12.257074356079102,0.0,0.0,-0.6789776086807251,0.0,0.734158992767334,0.043083589524030685,0.0018159484025090933
27.172000885009766,30.125518798828125,-12.267801284790039,0.0,0.0,-0.6785918474197388,0.0,0.7345155477523804,0.0430418886244297,0.0018063354073092341
27.176000595092773,30.126373291015625,-12.27851676940918,0.0,0.0,-0.6781761050224304,0.0,0.7348994016647339,0.04299965873360634,0.0019450377440080047
27.180002212524414,30.127241134643555,-12.289220809936523,0.0,0.0,-0.6777615547180176,0.0,0.735281765460968,0.042954541742801666,0.0019390868255868554
27.184001922607422,30.12811851501465,-12.29991340637207,0.0,0.0,-0.6773371696472168,0.0,0.7356727123260498,0.042915426194667816,0.001983489841222763
27.18800163269043,30.129009246826172,-12.310592651367188,0.0,0.0,-0.6769039034843445,0.0,0.7360714077949524,0.0428660623729229,0.0020242310129106045
27.192001342773438,30.12990951538086,-12.321260452270508,0.0,0.0,-0.6764672994613647,0.0,0.7364726662635803,0.042822860181331635,0.0020384215749800205
27.196001052856445,30.130823135375977,-12.331914901733398,0.0,0.0,-0.6760111451148987,0.0,0.7368913888931274,0.04277575761079788,0.00212860107421875
27.200000762939453,30.13174819946289,-12.342557907104492,0.0,0.0,-0.6755557060241699,0.0,0.7373090386390686,0.04272887855768204,0.0021244811359792948
27.20400047302246,30.132686614990234,-12.353187561035156,0.0,0.0,-0.6750807762145996,0.0,0.7377438545227051,0.04268483817577362,0.0022137451451271772
27.2080020904541,30.133636474609375,-12.363802909851074,0.0,0.0,-0.6746018528938293,0.0,0.7381817698478699,0.0426318533718586,0.0022311401553452015
27.21200180053711,30.134599685668945,-12.374404907226562,0.0,0.0,-0.6741141080856323,0.0,0.7386272549629211,0.0425848625600338,0.0022709656041115522
27.216001510620117,30.135576248168945,-12.384994506835938,0.0,0.0,-0.6736175417900085,0.0,0.7390801906585693,0.04253306984901428,0.002310791052877903
27.220001220703125,30.136566162109375,-12.395569801330566,0.0,0.0,-0.6731120347976685,0.0,0.7395405173301697,0.042487263679504395,0.0023501585237681866
27.224000930786133,30.137569427490234,-12.406129837036133,0.0,0.0,-0.6725979447364807,0.0,0.7400081753730774,0.042431607842445374,0.0023890684824436903
27.22800064086914,30.13858413696289,-12.41667652130127,0.0,0.0,-0.6720791459083557,0.0,0.7404793500900269,0.04238201305270195,0.0024092101957648993
27.23200035095215,30.13961410522461,-12.427207946777344,0.0,0.0,-0.6715409755706787,0.0,0.7409674525260925,0.04232843965291977,0.002497558481991291
27.23600196838379,30.14065933227539,-12.437725067138672,0.0,0.0,-0.671005129814148,0.0,0.741452693939209,0.04227549955248833,0.002485198900103569
27.240001678466797,30.14171600341797,-12.44822883605957,0.0,0.0,-0.6704496145248413,0.0,0.741955041885376,0.04222541302442551,0.0025744629092514515
27.244001388549805,30.142789840698242,-12.458715438842773,0.0,0.0,-0.6698898673057556,0.0,0.7424604892730713,0.04216662421822548,0.0025927734095603228
27.248001098632812,30.143877029418945,-12.46918773651123,0.0,0.0,-0.6693271994590759,0.0,0.7429677844047546,0.04211372509598732,0.0026046752464026213
27.25200080871582,30.144977569580078,-12.479644775390625,0.0,0.0,-0.6687409281730652,0.0,0.743495523929596,0.04205743223428726,0.0027117920108139515
27.256000518798828,30.146095275878906,-12.49008560180664,0.0,0.0,-0.6681608557701111,0.0,0.7440168261528015,0.04200055077672005,0.002680663950741291
27.26000213623047,30.147226333618164,-12.500511169433594,0.0,0.0,-0.6675702333450317,0.0,0.7445468306541443,0.04194854199886322,0.0027282715309411287
27.264001846313477,30.148372650146484,-12.510919570922852,0.0,0.0,-0.6669624447822571,0.0,0.7450913786888123,0.04188772290945053,0.0028051757253706455
27.268001556396484,30.1495361328125,-12.521312713623047,0.0,0.0,-0.666357159614563,0.0,0.7456327080726624,0.04183054342865944,0.002791442908346653
27.272001266479492,30.150712966918945,-12.531689643859863,0.0,0.0,-0.6657357215881348,0.0,0.7461876273155212,0.041773322969675064,0.0028642271645367146
27.2760009765625,30.151905059814453,-12.542049407958984,0.0,0.0,-0.6651020050048828,0.0,0.7467525005340576,0.04171622544527054,0.002918243408203125
27.280000686645508,30.153114318847656,-12.552392959594727,0.0,0.0,-0.6644591689109802,0.0,0.7473245859146118,0.04165486618876457,0.0029580688569694757
27.284000396728516,30.154340744018555,-12.562719345092773,0.0,0.0,-0.6638191938400269,0.0,0.7478930950164795,0.041594259440898895,0.0029425048269331455
27.288002014160156,30.155582427978516,-12.573028564453125,0.0,0.0,-0.6631657481193542,0.0,0.7484725713729858,0.041536588221788406,0.0030024717561900616
27.292001724243164,30.156841278076172,-12.583320617675781,0.0,0.0,-0.6625002026557922,0.0,0.7490617036819458,0.04147418215870857,0.003055572509765625
27.296001434326172,30.158113479614258,-12.593596458435059,0.0,0.0,-0.6618402600288391,0.0,0.7496448755264282,0.04141747206449509,0.0030276488978415728
27.30000114440918,30.159404754638672,-12.603854179382324,0.0,0.0,-0.6611514687538147,0.0,0.7502524852752686,0.04135431349277496,0.003157195867970586
27.304000854492188,30.16071319580078,-12.614093780517578,0.0,0.0,-0.6604629755020142,0.0,0.7508586049079895,0.041290655732154846,0.0031535339076071978
27.308000564575195,30.162036895751953,-12.624316215515137,0.0,0.0,-0.6597723364830017,0.0,0.7514656186103821,0.04123075306415558,0.0031608580611646175
27.312002182006836,30.16337776184082,-12.634520530700684,0.0,0.0,-0.6590616703033447,0.0,0.7520889043807983,0.0411699116230011,0.0032496643252670765
27.316001892089844,30.164737701416016,-12.644706726074219,0.0,0.0,-0.6583442687988281,0.0,0.7527169585227966,0.041104756295681,0.003277587704360485
27.32000160217285,30.166112899780273,-12.654874801635742,0.0,0.0,-0.6576297879219055,0.0,0.7533413171768188,0.04104108363389969,0.0032620239071547985
27.32400131225586,30.16750717163086,-12.665023803710938,0.0,0.0,-0.6569107174873352,0.0,0.753968358039856,0.040979646146297455,0.0032798766624182463
27.328001022338867,30.168916702270508,-12.675155639648438,0.0,0.0,-0.656161904335022,0.0,0.7546201348304749,0.04091597720980644,0.0034126280806958675
27.332000732421875,30.170345306396484,-12.68526840209961,0.0,0.0,-0.6554164290428162,0.0,0.7552676796913147,0.0408526249229908,0.0033947753254324198
27.336000442504883,30.171791076660156,-12.695362091064453,0.0,0.0,-0.6546648144721985,0.0,0.755919337272644,0.04078792408108711,0.003419494489207864
27.340002059936523,30.173255920410156,-12.705436706542969,0.0,0.0,-0.6539045572280884,0.0,0.7565770745277405,0.04072192683815956,0.00345611572265625
27.34400177001953,30.17473793029785,-12.715492248535156,0.0,0.0,-0.6531466245651245,0.0,0.7572315335273743,0.040659043937921524,0.003442382672801614
27.34800148010254,30.176239013671875,-12.725530624389648,0.0,0.0,-0.6523579955101013,0.0,0.757910966873169,0.04059426113963127,0.0035783385392278433
27.352001190185547,30.177757263183594,-12.73554801940918,0.0,0.0,-0.6515727043151855,0.0,0.7585862874984741,0.04052954539656639,0.0035604857839643955
27.356000900268555,30.17929458618164,-12.745546340942383,0.0,0.0,-0.6507824659347534,0.0,0.7592642903327942,0.04046374931931496,0.003579711774364114
27.360000610351562,30.180849075317383,-12.755525588989258,0.0,0.0,-0.6499825716018677,0.0,0.7599491477012634,0.04039671644568443,0.003619994968175888
27.364002227783203,30.182422637939453,-12.765484809875488,0.0,0.0,-0.6491747498512268,0.0,0.7606393098831177,0.04033263027667999,0.003652496263384819
27.36800193786621,30.18401527404785,-12.77542495727539,0.0,0.0,-0.6483601331710815,0.0,0.7613338232040405,0.04026762768626213,0.0036804198753088713
27.37200164794922,30.185626983642578,-12.785345077514648,0.0,0.0,-0.647548496723175,0.0,0.7620242834091187,0.04020093381404877,0.003663024865090847
27.376001358032227,30.187255859375,-12.795246124267578,0.0,0.0,-0.646708071231842,0.0,0.7627376317977905,0.04013492912054062,0.0037893676199018955
27.380001068115234,30.188905715942383,-12.805126190185547,0.0,0.0,-0.6458712816238403,0.0,0.7634463906288147,0.04006696492433548,0.0037701416295021772
27.384000778198242,30.19057273864746,-12.814985275268555,0.0,0.0,-0.6450263261795044,0.0,0.7641603350639343,0.0400024875998497,0.0038026426918804646
27.38800048828125,30.1922607421875,-12.824827194213867,0.0,0.0,-0.6441742181777954,0.0,0.7648788094520569,0.03993658721446991,0.003831481793895364
27.39200210571289,30.193965911865234,-12.834647178649902,0.0,0.0,-0.6433165669441223,0.0,0.7656002640724182,0.03986954689025879,0.0038529967423528433
27.3960018157959,30.19569206237793,-12.844446182250977,0.0,0.0,-0.642449676990509,0.0,0.7663278579711914,0.03980138525366783,0.0038905334658920765
27.400001525878906,30.197437286376953,-12.854227066040039,0.0,0.0,-0.6415818929672241,0.0,0.767054557800293,0.03973626717925072,0.0038909912109375
27.404001235961914,30.199199676513672,-12.863985061645508,0.0,0.0,-0.6406974196434021,0.0,0.7677934765815735,0.03966894745826721,0.0039619444869458675
27.408000946044922,30.200984954833984,-12.873723983764648,0.0,0.0,-0.6398146748542786,0.0,0.7685292363166809,0.03960464522242546,0.0039505003951489925
27.41200065612793,30.202787399291992,-12.883442878723145,0.0,0.0,-0.6389155983924866,0.0,0.7692768573760986,0.03953620791435242,0.004019622690975666
27.416000366210938,30.204608917236328,-12.89314079284668,0.0,0.0,-0.6380156874656677,0.0,0.7700233459472656,0.039468128234148026,0.004019622690975666
27.420001983642578,30.206451416015625,-12.902816772460938,0.0,0.0,-0.6371073722839355,0.0,0.7707750201225281,0.03940291702747345,0.004053039476275444
27.424001693725586,30.208314895629883,-12.912473678588867,0.0,0.0,-0.6361929178237915,0.0,0.7715300917625427,0.03933697193861008,0.004076843149960041
27.428001403808594,30.21019744873047,-12.92210865020752,0.0,0.0,-0.6352779865264893,0.0,0.7722835540771484,0.03926952928304672,0.0040745544247329235
27.4320011138916,30.21209716796875,-12.931722640991211,0.0,0.0,-0.6343459486961365,0.0,0.7730492949485779,0.03920220211148262,0.004146880935877562
27.43600082397461,30.214019775390625,-12.941316604614258,0.0,0.0,-0.6334125995635986,0.0,0.77381432056427,0.039135657250881195,0.004148254171013832
27.440000534057617,30.215961456298828,-12.950888633728027,0.0,0.0,-0.6324726939201355,0.0,0.7745826840400696,0.03906920179724693,0.0041738892905414104
27.444002151489258,30.21792221069336,-12.960440635681152,0.0,0.0,-0.6315320730209351,0.0,0.7753497362136841,0.039005082100629807,0.004172057844698429
27.448001861572266,30.21990203857422,-12.969970703125,0.0,0.0,-0.6305791735649109,0.0,0.7761249542236328,0.038937248289585114,0.004222869873046875
27.452001571655273,30.221904754638672,-12.979480743408203,0.0,0.0,-0.6296107172966003,0.0,0.7769107818603516,0.038870133459568024,0.004287414252758026
27.45600128173828,30.223926544189453,-12.988967895507812,0.0,0.0,-0.6286512613296509,0.0,0.7776873707771301,0.038803525269031525,0.0042434693314135075
27.46000099182129,30.225967407226562,-12.998435974121094,0.0,0.0,-0.6276850700378418,0.0,0.7784674167633057,0.03874102234840393,0.004268646240234375
27.464000701904297,30.228029251098633,-13.007881164550781,0.0,0.0,-0.6267050504684448,0.0,0.7792565226554871,0.03867224603891373,0.0043254089541733265
27.468000411987305,30.230112075805664,-13.017305374145508,0.0,0.0,-0.6257233619689941,0.0,0.7800450921058655,0.038606636226177216,0.0043290709145367146
27.472002029418945,30.232213973999023,-13.026708602905273,0.0,0.0,-0.6247332692146301,0.0,0.7808382511138916,0.038541000336408615,0.0043606567196547985
27.476001739501953,30.234336853027344,-13.036090850830078,0.0,0.0,-0.6237394213676453,0.0,0.7816323637962341,0.03847534582018852,0.004373474046587944
27.48000144958496,30.236478805541992,-13.045452117919922,0.0,0.0,-0.6227456331253052,0.0,0.7824243307113647,0.03841258957982063,0.004368896596133709
27.48400115966797,30.2386417388916,-13.054791450500488,0.0,0.0,-0.6217416524887085,0.0,0.7832223773002625,0.038345713168382645,0.0044091795571148396
27.488000869750977,30.240825653076172,-13.064108848571777,0.0,0.0,-0.6207217574119568,0.0,0.7840309739112854,0.0382804200053215,0.0044741821475327015
27.492000579833984,30.24302864074707,-13.073404312133789,0.0,0.0,-0.6197115778923035,0.0,0.7848296761512756,0.03821486234664917,0.004427032545208931
27.496002197265625,30.24525260925293,-13.082679748535156,0.0,0.0,-0.6186957955360413,0.0,0.7856306433677673,0.038151904940605164,0.004447173792868853
27.500001907348633,30.24749755859375,-13.091934204101562,0.0,0.0,-0.6176644563674927,0.0,0.7864417433738708,0.03808898106217384,0.004510803148150444
27.50400161743164,30.2497615814209,-13.101165771484375,0.0,0.0,-0.6166390180587769,0.0,0.78724604845047,0.03802286088466644,0.004480132833123207
27.50800132751465,30.252046585083008,-13.110376358032227,0.0,0.0,-0.6155973672866821,0.0,0.7880608439445496,0.0379595048725605,0.004546050913631916
27.512001037597656,30.254352569580078,-13.119565963745117,0.0,0.0,-0.6145584583282471,0.0,0.7888712882995605,0.03789474442601204,0.0045295716263353825
27.516000747680664,30.25667953491211,-13.128734588623047,0.0,0.0,-0.6135194301605225,0.0,0.7896797060966492,0.037835054099559784,0.004526366945356131
27.520000457763672,30.25902557373047,-13.137880325317383,0.0,0.0,-0.6124609112739563,0.0,0.7905008792877197,0.03776909038424492,0.004605560097843409
27.524002075195312,30.26139259338379,-13.147004127502441,0.0,0.0,-0.6114115118980408,0.0,0.7913128137588501,0.03770590201020241,0.004561156965792179
27.52800178527832,30.263778686523438,-13.156107902526855,0.0,0.0,-0.6103479862213135,0.0,0.7921333909034729,0.037644363939762115,0.004617919679731131
27.532001495361328,30.266185760498047,-13.165189743041992,0.0,0.0,-0.6092832088470459,0.0,0.7929526567459106,0.03758058696985245,0.004618835169821978
27.536001205444336,30.268613815307617,-13.174249649047852,0.0,0.0,-0.6082168221473694,0.0,0.793770968914032,0.03752220794558525,0.004620666615664959
27.540000915527344,30.27106285095215,-13.18328857421875,0.0,0.0,-0.6071435809135437,0.0,0.7945921421051025,0.03745711222290993,0.004645385779440403
27.54400062561035,30.273530960083008,-13.192306518554688,0.0,0.0,-0.6060669422149658,0.0,0.7954136729240417,0.03739676624536514,0.004655914381146431
27.548002243041992,30.276020050048828,-13.201301574707031,0.0,0.0,-0.6049858331680298,0.0,0.7962362170219421,0.03733459860086441,0.004670104943215847
27.552001953125,30.27853012084961,-13.210277557373047,0.0,0.0,-0.6039108037948608,0.0,0.7970519065856934,0.03727704659104347,0.004638976883143187
27.556001663208008,30.28105926513672,-13.219229698181152,0.0,0.0,-0.6028144955635071,0.0,0.7978813648223877,0.037214409559965134,0.0047259521670639515
27.560001373291016,30.28360939025879,-13.228160858154297,0.0,0.0,-0.6017214059829712,0.0,0.7987060546875,0.03715332970023155,0.004707183688879013
27.564001083374023,30.28618049621582,-13.237071990966797,0.0,0.0,-0.6006247997283936,0.0,0.799531102180481,0.037094343453645706,0.004717712290585041
27.56800079345703,30.28877067565918,-13.245960235595703,0.0,0.0,-0.59952712059021,0.0,0.8003544807434082,0.03703395277261734,0.004716796800494194
27.57200050354004,30.2913818359375,-13.254827499389648,0.0,0.0,-0.5984223484992981,0.0,0.8011808395385742,0.03697812557220459,0.004742889199405909
27.57600212097168,30.29401397705078,-13.263673782348633,0.0,0.0,-0.5973168611526489,0.0,0.8020053505897522,0.036915820091962814,0.0047410582192242146
27.580001831054688,30.29666519165039,-13.272499084472656,0.0,0.0,-0.5962185263633728,0.0,0.8028221726417542,0.03685877099633217,0.0047058104537427425
27.584001541137695,30.299335479736328,-13.281303405761719,0.0,0.0,-0.5950940847396851,0.0,0.8036561012268066,0.03680046647787094,0.004812469240278006
27.588001251220703,30.30202865600586,-13.290084838867188,0.0,0.0,-0.593979001045227,0.0,0.8044805526733398,0.03674173727631569,0.004767150618135929
27.59200096130371,30.30474090576172,-13.298847198486328,0.0,0.0,-0.5928588509559631,0.0,0.8053063750267029,0.03668764978647232,0.0047840881161391735
27.59600067138672,30.307472229003906,-13.307586669921875,0.0,0.0,-0.5917367935180664,0.0,0.8061312437057495,0.036627255380153656,0.004787292331457138
27.600000381469727,30.310224533081055,-13.316305160522461,0.0,0.0,-0.5906188488006592,0.0,0.8069506883621216,0.03657182678580284,0.004765319637954235
27.604001998901367,30.31299591064453,-13.325002670288086,0.0,0.0,-0.5894865989685059,0.0,0.8077781796455383,0.03651506453752518,0.0048211668618023396
27.608001708984375,30.31578826904297,-13.33367919921875,0.0,0.0,-0.588360607624054,0.0,0.8085986375808716,0.03646140545606613,0.004789581056684256
27.612001419067383,30.318601608276367,-13.34233570098877,0.0,0.0,-0.5872222781181335,0.0,0.8094257116317749,0.036404114216566086,0.00483718840405345
27.61600112915039,30.321434020996094,-13.350969314575195,0.0,0.0,-0.5860882997512817,0.0,0.8102471828460693,0.03634810447692871,0.004813842475414276
27.6200008392334,30.32428550720215,-13.359583854675293,0.0,0.0,-0.5849544405937195,0.0,0.8110661506652832,0.03629441559314728,0.004808349534869194
27.624000549316406,30.327157974243164,-13.368176460266113,0.0,0.0,-0.5838097333908081,0.0,0.8118904829025269,0.03623943403363228,0.004849090240895748
27.628002166748047,30.330049514770508,-13.376749038696289,0.0,0.0,-0.5826703310012817,0.0,0.8127086162567139,0.036187879741191864,0.004822082351893187
27.632001876831055,30.332962036132812,-13.385299682617188,0.0,0.0,-0.5815255045890808,0.0,0.8135282397270203,0.03613223880529404,0.0048403930850327015
27.636001586914062,30.335891723632812,-13.393829345703125,0.0,0.0,-0.5803806185722351,0.0,0.8143454194068909,0.03607901558279991,0.004835815168917179
27.64000129699707,30.338844299316406,-13.402339935302734,0.0,0.0,-0.5792310237884521,0.0,0.8151634931564331,0.03602651506662369,0.004850463941693306
27.644001007080078,30.341814041137695,-13.41082763671875,0.0,0.0,-0.5780854821205139,0.0,0.8159762024879456,0.035976000130176544,0.004828491248190403
27.648000717163086,30.344804763793945,-13.419296264648438,0.0,0.0,-0.576930820941925,0.0,0.8167930245399475,0.03592269867658615,0.004861908033490181
27.652000427246094,30.347814559936523,-13.427743911743164,0.0,0.0,-0.5757788419723511,0.0,0.8176055550575256,0.03587019443511963,0.004846343770623207
27.656002044677734,30.35084342956543,-13.43617057800293,0.0,0.0,-0.5746297240257263,0.0,0.8184135556221008,0.035820234566926956,0.00482940673828125
27.660001754760742,30.353893280029297,-13.444578170776367,0.0,0.0,-0.5734676122665405,0.0,0.8192282319068909,0.03576895594596863,0.004878845065832138
27.66400146484375,30.35696029663086,-13.452964782714844,0.0,0.0,-0.5723110437393188,0.0,0.8200367093086243,0.03572094440460205,0.004851379431784153
27.668001174926758,30.360048294067383,-13.46133041381836,0.0,0.0,-0.571154773235321,0.0,0.8208423852920532,0.035668954253196716,0.004844512790441513
27.672000885009766,30.363155364990234,-13.469675064086914,0.0,0.0,-0.5699942708015442,0.0,0.8216486573219299,0.03561980277299881,0.004857787862420082
27.676000595092773,30.366281509399414,-13.47800064086914,0.0,0.0,-0.5688369274139404,0.0,0.8224503397941589,0.03557051718235016,0.0048403930850327015
27.680002212524414,30.369426727294922,-13.486305236816406,0.0,0.0,-0.5676778554916382,0.0,0.8232507705688477,0.03552255406975746,0.0048422240652143955
27.684001922607422,30.372591018676758,-13.494590759277344,0.0,0.0,-0.5665119290351868,0.0,0.8240535259246826,0.03547617420554161,0.004866485483944416
27.68800163269043,30.375774383544922,-13.50285530090332,0.0,0.0,-0.5653489232063293,0.0,0.8248518705368042,0.035426437854766846,0.004849548451602459
27.692001342773438,30.378976821899414,-13.511099815368652,0.0,0.0,-0.5641819834709167,0.0,0.8256504535675049,0.035379111766815186,0.004860992543399334
27.696001052856445,30.382198333740234,-13.51932430267334,0.0,0.0,-0.563021183013916,0.0,0.8264424800872803,0.03533206880092621,0.0048307799734175205
27.700000762939453,30.385438919067383,-13.5275297164917,0.0,0.0,-0.5618584752082825,0.0,0.8272333741188049,0.0352882444858551,0.004834441933780909
27.70400047302246,30.38869857788086,-13.535715103149414,0.0,0.0,-0.5606938004493713,0.0,0.8280232548713684,0.03523983433842659,0.004838104359805584
27.7080020904541,30.39197540283203,-13.543880462646484,0.0,0.0,-0.5595253109931946,0.0,0.8288132548332214,0.03519463166594505,0.004848632495850325
27.71200180053711,30.395273208618164,-13.552024841308594,0.0,0.0,-0.5583603978157043,0.0,0.8295985460281372,0.03514891862869263,0.00482940673828125
27.716001510620117,30.398588180541992,-13.560151100158691,0.0,0.0,-0.5571995973587036,0.0,0.8303785920143127,0.03510485962033272,0.0048078917898237705
27.720001220703125,30.40192222595215,-13.568258285522461,0.0,0.0,-0.556029200553894,0.0,0.8311627507209778,0.03506242483854294,0.0048431395553052425
27.724000930786133,30.405275344848633,-13.576345443725586,0.0,0.0,-0.5548644661903381,0.0,0.831940770149231,0.03501639887690544,0.004815216176211834
27.72800064086914,30.408645629882812,-13.58441162109375,0.0,0.0,-0.5536989569664001,0.0,0.8327169418334961,0.03497316315770149,0.004813842475414276
27.73200225830078,30.41203498840332,-13.592459678649902,0.0,0.0,-0.552537202835083,0.0,0.8334882259368896,0.03493000939488411,0.0047937012277543545
27.73600196838379,30.415443420410156,-13.600488662719727,0.0,0.0,-0.5513671040534973,0.0,0.8342627286911011,0.0348878912627697,0.004823913332074881
27.740001678466797,30.418869018554688,-13.608498573303223,0.0,0.0,-0.5502029657363892,0.0,0.8350310325622559,0.03484703600406647,0.004795074462890625
27.744001388549805,30.422313690185547,-13.61648941040039,0.0,0.0,-0.5490393042564392,0.0,0.8357965350151062,0.0348040871322155,0.004788207821547985
27.748001098632812,30.4257755279541,-13.624460220336914,0.0,0.0,-0.5478726625442505,0.0,0.8365617394447327,0.03476203233003616,0.0047964476980268955
27.75200080871582,30.429256439208984,-13.63241195678711,0.0,0.0,-0.5467162132263184,0.0,0.8373180031776428,0.034721739590168,0.004750213585793972
27.756000518798828,30.432754516601562,-13.64034652709961,0.0,0.0,-0.5455499291419983,0.0,0.8380783200263977,0.03468328341841698,0.004786376841366291
27.76000213623047,30.436269760131836,-13.648260116577148,0.0,0.0,-0.5443923473358154,0.0,0.8388307094573975,0.03464102745056152,0.004746551625430584
27.764001846313477,30.439804077148438,-13.656155586242676,0.0,0.0,-0.5432265400886536,0.0,0.8395861983299255,0.03460188955068588,0.0047753904946148396
27.768001556396484,30.443355560302734,-13.664031982421875,0.0,0.0,-0.5420650839805603,0.0,0.8403365015983582,0.03456193208694458,0.004753417801111937
27.772001266479492,30.44692611694336,-13.671890258789062,0.0,0.0,-0.5409090518951416,0.0,0.8410810828208923,0.0345238633453846,0.0047268676571547985
27.7760009765625,30.450511932373047,-13.679731369018555,0.0,0.0,-0.5397485494613647,0.0,0.841826319694519,0.034487105906009674,0.004741515964269638
27.780000686645508,30.454118728637695,-13.687551498413086,0.0,0.0,-0.5385994911193848,0.0,0.8425619006156921,0.03444742411375046,0.004690246656537056
27.784000396728516,30.457740783691406,-13.695354461669922,0.0,0.0,-0.537434458732605,0.0,0.8433055281639099,0.03441012650728226,0.0047515868209302425
27.788002014160156,30.461380004882812,-13.70313835144043,0.0,0.0,-0.5362807512283325,0.0,0.8440396785736084,0.03437221422791481,0.0047012330032885075
27.792001724243164,30.465038299560547,-13.710905075073242,0.0,0.0,-0.5351305603981018,0.0,0.8447693586349487,0.03433842584490776,0.004682464525103569
27.796001434326172,30.468711853027344,-13.718652725219727,0.0,0.0,-0.5339729189872742,0.0,0.8455016016960144,0.03429943323135376,0.004709014669060707
27.80000114440918,30.47240447998047,-13.7263822555542,0.0,0.0,-0.5328267812728882,0.0,0.8462243676185608,0.03426385298371315,0.0046582031063735485
27.804000854492188,30.476112365722656,-13.734094619750977,0.0,0.0,-0.5316801071166992,0.0,0.8469452857971191,0.03422835096716881,0.0046563721261918545
27.808000564575195,30.479839324951172,-13.741787910461426,0.0,0.0,-0.5305342078208923,0.0,0.8476635217666626,0.03419344127178192,0.004649047739803791
27.812002182006836,30.48358154296875,-13.74946403503418,0.0,0.0,-0.5293837189674377,0.0,0.8483825325965881,0.034160733222961426,0.004664153791964054
27.816001892089844,30.487340927124023,-13.757122039794922,0.0,0.0,-0.528242290019989,0.0,0.8490936756134033,0.03412420302629471,0.0046229553408920765
27.82000160217285,30.491117477416992,-13.764761924743652,0.0,0.0,-0.5270935893058777,0.0,0.8498072624206543,0.03409070149064064,0.004649047739803791
27.82400131225586,30.494911193847656,-13.772384643554688,0.0,0.0,-0.5259528160095215,0.0,0.850513756275177,0.03405646234750748,0.004612884484231472
27.828001022338867,30.498722076416016,-13.779989242553711,0.0,0.0,-0.5248216390609741,0.0,0.851212203502655,0.03402410075068474,0.004570312332361937
27.832000732421875,30.502548217773438,-13.787576675415039,0.0,0.0,-0.5236858129501343,0.0,0.8519114851951599,0.03399312496185303,0.0045854183845222
27.836000442504883,30.506391525268555,-13.795146942138672,0.0,0.0,-0.5225537419319153,0.0,0.8526063561439514,0.033959124237298965,0.0045666503719985485
27.840002059936523,30.510251998901367,-13.80270004272461,0.0,0.0,-0.521414577960968,0.0,0.8533034920692444,0.03392700105905533,0.0045913695357739925
27.84400177001953,30.514127731323242,-13.810235023498535,0.0,0.0,-0.5202797055244446,0.0,0.8539959192276001,0.03389527648687363,0.004570312332361937
27.84800148010254,30.518020629882812,-13.817752838134766,0.0,0.0,-0.5191486477851868,0.0,0.8546839952468872,0.03386606276035309,0.004551086109131575
27.852001190185547,30.521928787231445,-13.825254440307617,0.0,0.0,-0.5180299878120422,0.0,0.8553624749183655,0.03383317217230797,0.0044979858212172985
27.856000900268555,30.525854110717773,-13.832738876342773,0.0,0.0,-0.5169130563735962,0.0,0.856037974357605,0.033803246915340424,0.0044874572195112705
27.860000610351562,30.529794692993164,-13.840206146240234,0.0,0.0,-0.5157817006111145,0.0,0.8567200303077698,0.033773086965084076,0.004541473463177681
27.864002227783203,30.53375244140625,-13.84765625,0.0,0.0,-0.5146666765213013,0.0,0.8573903441429138,0.03374301269650459,0.0044723511673510075
27.86800193786621,30.5377254486084,-13.85508918762207,0.0,0.0,-0.5135498642921448,0.0,0.858059823513031,0.03371633589267731,0.004476470872759819
27.87200164794922,30.541715621948242,-13.862505912780762,0.0,0.0,-0.5124310851097107,0.0,0.8587284088134766,0.03368477150797844,0.004480590578168631
27.876001358032227,30.545719146728516,-13.869905471801758,0.0,0.0,-0.5113230347633362,0.0,0.8593885898590088,0.03365658223628998,0.004433898720890284
27.880001068115234,30.549739837646484,-13.877288818359375,0.0,0.0,-0.5102056860923767,0.0,0.8600524067878723,0.033628176897764206,0.004467773251235485
27.884000778198242,30.553775787353516,-13.884655952453613,0.0,0.0,-0.5091010332107544,0.0,0.8607067465782166,0.03360210359096527,0.004413757007569075
27.88800048828125,30.557828903198242,-13.892006874084473,0.0,0.0,-0.507997453212738,0.0,0.861358642578125,0.03357291594147682,0.0044064330868422985
27.89200210571289,30.5618953704834,-13.899340629577637,0.0,0.0,-0.5068962574005127,0.0,0.8620070815086365,0.03354547172784805,0.0043931580148637295
27.8960018157959,30.56597900390625,-13.906658172607422,0.0,0.0,-0.50579833984375,0.0,0.8626518249511719,0.033518966287374496,0.004377136006951332
27.900001525878906,30.57007598876953,-13.913960456848145,0.0,0.0,-0.5047059059143066,0.0,0.8632913827896118,0.03349224850535393,0.004351501353085041
27.904001235961914,30.574190139770508,-13.921245574951172,0.0,0.0,-0.503608763217926,0.0,0.8639318346977234,0.03346855565905571,0.004367065150290728
27.908000946044922,30.578319549560547,-13.928515434265137,0.0,0.0,-0.5025126934051514,0.0,0.8645698428153992,0.03344017639756203,0.0043597412295639515
27.91200065612793,30.582462310791016,-13.935769081115723,0.0,0.0,-0.5014312863349915,0.0,0.865197479724884,0.03341508284211159,0.004298400599509478
27.91600227355957,30.58662223815918,-13.94300651550293,0.0,0.0,-0.5003414750099182,0.0,0.8658281564712524,0.03338991850614548,0.004328613169491291
27.920001983642578,30.590797424316406,-13.950228691101074,0.0,0.0,-0.4992576241493225,0.0,0.8664535880088806,0.03336497023701668,0.0043016052804887295
27.924001693725586,30.594985961914062,-13.957435607910156,0.0,0.0,-0.4981779456138611,0.0,0.8670748472213745,0.033342599868774414,0.0042823790572583675
27.928001403808594,30.59918975830078,-13.964625358581543,0.0,0.0,-0.49710533022880554,0.0,0.8676902055740356,0.03331637382507324,0.004251250997185707
27.9320011138916,30.60340690612793,-13.971800804138184,0.0,0.0,-0.49603286385536194,0.0,0.8683037161827087,0.033292848616838455,0.004247589036822319
27.93600082397461,30.607641220092773,-13.978960037231445,0.0,0.0,-0.4949577748775482,0.0,0.8689170479774475,0.03326912969350815,0.0042549134232103825
27.940000534057617,30.611888885498047,-13.986104011535645,0.0,0.0,-0.49389585852622986,0.0,0.8695210814476013,0.033247970044612885,0.004199981689453125
27.944002151489258,30.616151809692383,-13.993232727050781,0.0,0.0,-0.49282607436180115,0.0,0.8701278567314148,0.03322334215044975,0.004227905068546534
27.948001861572266,30.62042808532715,-14.000346183776855,0.0,0.0,-0.4917627274990082,0.0,0.8707292675971985,0.03320036455988884,0.0041995239444077015
27.952001571655273,30.624719619750977,-14.007444381713867,0.0,0.0,-0.49070629477500916,0.0,0.8713250756263733,0.03317847475409508,0.004169311374425888
27.95600128173828,30.629026412963867,-14.014527320861816,0.0,0.0,-0.4896475076675415,0.0,0.8719204664230347,0.03315627574920654,0.004176178015768528
27.96000099182129,30.633346557617188,-14.02159595489502,0.0,0.0,-0.48860201239585876,0.0,0.8725067973136902,0.03313673660159111,0.004120788536965847
27.964000701904297,30.637680053710938,-14.028648376464844,0.0,0.0,-0.4875485897064209,0.0,0.8730958700180054,0.03311358392238617,0.004149169661104679
27.968000411987305,30.64202880859375,-14.035686492919922,0.0,0.0,-0.48649898171424866,0.0,0.8736811876296997,0.03309221938252449,0.004131317138671875
27.972002029418945,30.646390914916992,-14.042709350585938,0.0,0.0,-0.4854564964771271,0.0,0.8742608428001404,0.03307165205478668,0.004100646823644638
27.976001739501953,30.650768280029297,-14.049718856811523,0.0,0.0,-0.4844241440296173,0.0,0.8748332858085632,0.033051036298274994,0.004058074671775103
27.98000144958496,30.65515899658203,-14.056713104248047,0.0,0.0,-0.48338696360588074,0.0,0.875406801700592,0.033033281564712524,0.0040745544247329235
27.98400115966797,30.659563064575195,-14.063692092895508,0.0,0.0,-0.48233866691589355,0.0,0.8759848475456238,0.03301095589995384,0.004115295130759478
27.988000869750977,30.663982391357422,-14.070655822753906,0.0,0.0,-0.4813159704208374,0.0,0.8765471577644348,0.032991256564855576,0.004012298304587603
27.992000579833984,30.668413162231445,-14.077607154846191,0.0,0.0,-0.4802945852279663,0.0,0.8771072626113892,0.0329723134636879,0.004004516638815403
27.996002197265625,30.67285919189453,-14.084543228149414,0.0,0.0,-0.47926822304725647,0.0,0.8776684999465942,0.03295505791902542,0.00402145367115736
28.000001907348633,30.677318572998047,-14.09146499633789,0.0,0.0,-0.47824621200561523,0.0,0.8782258033752441,0.03293242305517197,0.004001769702881575
28.00400161743164,30.681791305541992,-14.098372459411621,0.0,0.0,-0.4772319197654724,0.0,0.8787773847579956,0.03291771933436394,0.0039688111282885075
28.00800132751465,30.686277389526367,-14.105265617370605,0.0,0.0,-0.47622159123420715,0.0,0.8793253302574158,0.032899707555770874,0.0039514158852398396
28.012001037597656,30.690776824951172,-14.112144470214844,0.0,0.0,-0.47520357370376587,0.0,0.879875898361206,0.032877713441848755,0.003978881519287825
28.016000747680664,30.695289611816406,-14.119009971618652,0.0,0.0,-0.4741962254047394,0.0,0.8804191946983337,0.032863762229681015,0.0039344788528978825
28.020000457763672,30.69981575012207,-14.125860214233398,0.0,0.0,-0.47318413853645325,0.0,0.8809635639190674,0.03284255415201187,0.003950958140194416
28.024002075195312,30.704355239868164,-14.132697105407715,0.0,0.0,-0.47218644618988037,0.0,0.8814986944198608,0.03282884135842323,0.003891906701028347
28.02800178527832,30.708908081054688,-14.139520645141602,0.0,0.0,-0.47119542956352234,0.0,0.8820288777351379,0.03281243517994881,0.0038635253440588713
28.032001495361328,30.71347427368164,-14.146329879760742,0.0,0.0,-0.47020018100738525,0.0,0.8825597763061523,0.03279152140021324,0.0038777159061282873
28.036001205444336,30.71805191040039,-14.15312671661377,0.0,0.0,-0.4692096412181854,0.0,0.8830868005752563,0.0327792651951313,0.0038571166805922985
28.040000915527344,30.722644805908203,-14.159908294677734,0.0,0.0,-0.46821755170822144,0.0,0.8836132287979126,0.03275889530777931,0.0038607786409556866
28.04400062561035,30.727249145507812,-14.166677474975586,0.0,0.0,-0.46723103523254395,0.0,0.8841352462768555,0.03274696320295334,0.0038369749672710896
28.048002243041992,30.73186683654785,-14.173433303833008,0.0,0.0,-0.4662507176399231,0.0,0.8846526741981506,0.0327310636639595,0.0038104248233139515
28.052001953125,30.736495971679688,-14.180173873901367,0.0,0.0,-0.4652760326862335,0.0,0.8851656317710876,0.03271189332008362,0.003786620916798711
28.056001663208008,30.741138458251953,-14.186902046203613,0.0,0.0,-0.4642978012561798,0.0,0.8856791853904724,0.032700445502996445,0.003798065008595586
28.060001373291016,30.74579620361328,-14.193617820739746,0.0,0.0,-0.46332865953445435,0.0,0.8861865401268005,0.03268542140722275,0.0037605285178869963
28.064001083374023,30.75046157836914,-14.200319290161133,0.0,0.0,-0.4623623192310333,0.0,0.8866910934448242,0.03266682103276253,0.0037477111909538507
28.06800079345703,30.755142211914062,-14.207008361816406,0.0,0.0,-0.4613945484161377,0.0,0.8871950507164001,0.03265613690018654,0.0037509154062718153
28.07200050354004,30.759836196899414,-14.213683128356934,0.0,0.0,-0.4604317247867584,0.0,0.8876951336860657,0.03263784572482109,0.0037298582028597593
28.07600212097168,30.764541625976562,-14.220345497131348,0.0,0.0,-0.45947521924972534,0.0,0.8881905674934387,0.032627660781145096,0.0037033080589026213
28.080001831054688,30.76926040649414,-14.226995468139648,0.0,0.0,-0.4585210978984833,0.0,0.8886834979057312,0.03261379152536392,0.0036918639671057463
28.084001541137695,30.773988723754883,-14.233631134033203,0.0,0.0,-0.4575637876987457,0.0,0.8891767859458923,0.03259623423218727,0.0037023925688117743
28.088001251220703,30.778732299804688,-14.240255355834961,0.0,0.0,-0.45661473274230957,0.0,0.8896645307540894,0.03258650377392769,0.0036685180384665728
28.09200096130371,30.783485412597656,-14.246866226196289,0.0,0.0,-0.4556707739830017,0.0,0.890148401260376,0.0325695164501667,0.0036465453449636698
28.09600067138672,30.788253784179688,-14.253463745117188,0.0,0.0,-0.4547271430492401,0.0,0.8906307816505432,0.032560259103775024,0.0036433408968150616
28.100000381469727,30.793031692504883,-14.260049819946289,0.0,0.0,-0.453788697719574,0.0,0.8911092877388,0.0325474888086319,0.0036213684361428022
28.104001998901367,30.797821044921875,-14.266622543334961,0.0,0.0,-0.4528473913669586,0.0,0.891588032245636,0.03253094106912613,0.003630523569881916
28.108001708984375,30.802623748779297,-14.27318286895752,0.0,0.0,-0.451914519071579,0.0,0.8920612335205078,0.0325222983956337,0.003596191294491291
28.112001419067383,30.807437896728516,-14.279729843139648,0.0,0.0,-0.45099014043807983,0.0,0.8925289511680603,0.03250629082322121,0.0035614012740552425
28.11600112915039,30.812265396118164,-14.286266326904297,0.0,0.0,-0.45006003975868225,0.0,0.8929982781410217,0.032498184591531754,0.0035815429873764515
28.1200008392334,30.81710433959961,-14.292789459228516,0.0,0.0,-0.4491378664970398,0.0,0.8934624791145325,0.0324862115085125,0.0035490416921675205
28.124000549316406,30.82195281982422,-14.299299240112305,0.0,0.0,-0.44821643829345703,0.0,0.8939250707626343,0.03247087076306343,0.003544464008882642
28.128002166748047,30.826814651489258,-14.305797576904297,0.0,0.0,-0.44729071855545044,0.0,0.8943886756896973,0.03246309980750084,0.003559112548828125
28.132001876831055,30.831687927246094,-14.31228256225586,0.0,0.0,-0.4463832378387451,0.0,0.8948419094085693,0.032447949051856995,0.003487243549898267
28.136001586914062,30.836570739746094,-14.318757057189941,0.0,0.0,-0.44547367095947266,0.0,0.8952950239181519,0.03244093060493469,0.0034936522133648396
28.14000129699707,30.841468811035156,-14.325218200683594,0.0,0.0,-0.44455862045288086,0.0,0.8957497477531433,0.03242989256978035,0.0035128784365952015
28.144001007080078,30.84637451171875,-14.331668853759766,0.0,0.0,-0.44365447759628296,0.0,0.8961979150772095,0.03241530433297157,0.0034689330495893955
28.148000717163086,30.851293563842773,-14.338106155395508,0.0,0.0,-0.4427516460418701,0.0,0.8966442942619324,0.03240868076682091,0.0034625243861228228
28.152000427246094,30.856224060058594,-14.344532012939453,0.0,0.0,-0.4418560862541199,0.0,0.897085964679718,0.0323982760310173,0.0034327697940170765
28.156002044677734,30.86116600036621,-14.350945472717285,0.0,0.0,-0.44095537066459656,0.0,0.8975290060043335,0.03238437697291374,0.0034506225492805243
28.160001754760742,30.866119384765625,-14.35734748840332,0.0,0.0,-0.4400569200515747,0.0,0.8979699015617371,0.032378003001213074,0.0034405516926199198
28.16400146484375,30.871082305908203,-14.363737106323242,0.0,0.0,-0.43917059898376465,0.0,0.8984037041664124,0.03236443176865578,0.0033924866002053022
28.168001174926758,30.87605857849121,-14.370115280151367,0.0,0.0,-0.43828266859054565,0.0,0.8988372087478638,0.03235860541462898,0.0033970640506595373
28.172000885009766,30.881044387817383,-14.376482963562012,0.0,0.0,-0.4373917579650879,0.0,0.8992710709571838,0.032349128276109695,0.0034066771622747183
28.176000595092773,30.88604164123535,-14.382837295532227,0.0,0.0,-0.43651241064071655,0.0,0.8996982574462891,0.0323357991874218,0.0033609007950872183
28.180002212524414,30.891050338745117,-14.389181137084961,0.0,0.0,-0.43563875555992126,0.0,0.9001216292381287,0.03233069181442261,0.0033375548664480448
28.184001922607422,30.896068572998047,-14.395511627197266,0.0,0.0,-0.43475428223609924,0.0,0.9005491137504578,0.03231775015592575,0.003376922570168972
28.18800163269043,30.901100158691406,-14.401832580566406,0.0,0.0,-0.43387511372566223,0.0,0.9009730219841003,0.03231268376111984,0.0033554076217114925
28.192001342773438,30.90614128112793,-14.40814208984375,0.0,0.0,-0.4330057203769684,0.0,0.9013911485671997,0.03230396285653114,0.003316497663035989
28.196001052856445,30.91119384765625,-14.41443920135498,0.0,0.0,-0.43214166164398193,0.0,0.9018057584762573,0.03229165077209473,0.003294524969533086
28.200000762939453,30.916255950927734,-14.420724868774414,0.0,0.0,-0.4312734603881836,0.0,0.9022212624549866,0.032287146896123886,0.0033087157644331455
28.20400047302246,30.921329498291016,-14.427000045776367,0.0,0.0,-0.4304077625274658,0.0,0.9026346206665039,0.0322750099003315,0.0032981871627271175
28.2080020904541,30.926414489746094,-14.433263778686523,0.0,0.0,-0.4295443594455719,0.0,0.9030457735061646,0.032270800322294235,0.003287200815975666
28.21200180053711,30.931509017944336,-14.439516067504883,0.0,0.0,-0.42868372797966003,0.0,0.903454601764679,0.032262809574604034,0.003275756724178791
28.216001510620117,30.936614990234375,-14.445756912231445,0.0,0.0,-0.4278287887573242,0.0,0.9038597941398621,0.032251209020614624,0.0032524107955396175
28.220001220703125,30.941730499267578,-14.451986312866211,0.0,0.0,-0.42697638273239136,0.0,0.9042627811431885,0.03224741294980049,0.003241424448788166
28.224000930786133,30.946857452392578,-14.458205223083496,0.0,0.0,-0.42612984776496887,0.0,0.904662013053894,0.03223610296845436,0.003217620775103569
28.22800064086914,30.951995849609375,-14.464412689208984,0.0,0.0,-0.4252760410308838,0.0,0.9050636887550354,0.03223264962434769,0.0032437134068459272
28.23200225830078,30.957143783569336,-14.470609664916992,0.0,0.0,-0.4244278371334076,0.0,0.9054617881774902,0.03222529962658882,0.0032212829682976007
28.23600196838379,30.96230125427246,-14.476795196533203,0.0,0.0,-0.4235890209674835,0.0,0.9058544635772705,0.03221449628472328,0.003184203989803791
28.240001678466797,30.967470169067383,-14.48297119140625,0.0,0.0,-0.4227431118488312,0.0,0.9062495827674866,0.03221138194203377,0.0032093811314553022
28.244001388549805,30.97264862060547,-14.489133834838867,0.0,0.0,-0.42190253734588623,0.0,0.9066411852836609,0.03220453858375549,0.0031878661829978228
28.248001098632812,30.97783851623535,-14.49528694152832,0.0,0.0,-0.4210682809352875,0.0,0.9070289731025696,0.03219406679272652,0.0031626890413463116
28.25200080871582,30.9830379486084,-14.501429557800293,0.0,0.0,-0.4202299416065216,0.0,0.9074176549911499,0.03219138830900192,0.0031768798362463713
28.256000518798828,30.98824691772461,-14.507560729980469,0.0,0.0,-0.41939762234687805,0.0,0.9078027009963989,0.03218108415603638,0.0031526184175163507
28.26000213623047,30.993467330932617,-14.513681411743164,0.0,0.0,-0.4185718297958374,0.0,0.9081836938858032,0.03217872977256775,0.0031265257857739925
28.264001846313477,30.998699188232422,-14.519791603088379,0.0,0.0,-0.41773760318756104,0.0,0.9085677266120911,0.032172586768865585,0.003157195867970586
28.268001556396484,31.003938674926758,-14.525890350341797,0.0,0.0,-0.41691330075263977,0.0,0.9089462757110596,0.032162658870220184,0.0031182861421257257
28.272001266479492,31.00918960571289,-14.53197956085205,0.0,0.0,-0.4160917401313782,0.0,0.9093226194381714,0.03216071426868439,0.0031068420503288507
28.2760009765625,31.014450073242188,-14.538057327270508,0.0,0.0,-0.4152628481388092,0.0,0.9097015261650085,0.03215105086565018,0.0031329344492405653
28.280000686645508,31.01972007751465,-14.544124603271484,0.0,0.0,-0.41444411873817444,0.0,0.910074770450592,0.03214922547340393,0.0030931090004742146
28.284000396728516,31.024999618530273,-14.550182342529297,0.0,0.0,-0.4136299192905426,0.0,0.9104450941085815,0.03214374929666519,0.0030747985001653433
28.288002014160156,31.030290603637695,-14.556227684020996,0.0,0.0,-0.41281259059906006,0.0,0.9108160138130188,0.032134536653757095,0.0030857848469167948
28.292001724243164,31.03559112548828,-14.562264442443848,0.0,0.0,-0.41199803352355957,0.0,0.9111847877502441,0.0321330688893795,0.0030738830100744963
28.296001434326172,31.04090118408203,-14.568288803100586,0.0,0.0,-0.41118618845939636,0.0,0.9115513563156128,0.032124102115631104,0.0030619811732321978
28.30000114440918,31.046222686767578,-14.574304580688477,0.0,0.0,-0.41037487983703613,0.0,0.911916971206665,0.032122883945703506,0.003059234470129013
28.304000854492188,31.051551818847656,-14.58030891418457,0.0,0.0,-0.40956422686576843,0.0,0.9122812747955322,0.03211796283721924,0.0030551147647202015
28.308000564575195,31.05689239501953,-14.5863037109375,0.0,0.0,-0.40875741839408875,0.0,0.9126430749893188,0.03210930526256561,0.0030395507346838713
28.312002182006836,31.062240600585938,-14.59228801727295,0.0,0.0,-0.4079534709453583,0.0,0.9130027294158936,0.03210846707224846,0.0030276488978415728
28.316001892089844,31.06760025024414,-14.598260879516602,0.0,0.0,-0.407152384519577,0.0,0.9133602380752563,0.03210005164146423,0.0030157470609992743
28.32000160217285,31.07297134399414,-14.604225158691406,0.0,0.0,-0.4063486158847809,0.0,0.9137181043624878,0.03209944814443588,0.0030244444496929646
28.32400131225586,31.078350067138672,-14.610177993774414,0.0,0.0,-0.4055451452732086,0.0,0.9140750169754028,0.032095033675432205,0.0030226134695112705
28.328001022338867,31.083738327026367,-14.616121292114258,0.0,0.0,-0.40474581718444824,0.0,0.914429247379303,0.03208698704838753,0.0030056762043386698
28.332000732421875,31.08913803100586,-14.622053146362305,0.0,0.0,-0.4039508104324341,0.0,0.9147807359695435,0.03208664432168007,0.0029882811941206455
28.336000442504883,31.094545364379883,-14.62797737121582,0.0,0.0,-0.4031558334827423,0.0,0.9151313900947571,0.03208266571164131,0.002986907958984375
28.340002059936523,31.09996223449707,-14.633889198303223,0.0,0.0,-0.40235835313796997,0.0,0.9154822826385498,0.03207487612962723,0.002995147602632642
28.34400177001953,31.105388641357422,-14.639791488647461,0.0,0.0,-0.4015706181526184,0.0,0.9158281087875366,0.03207489103078842,0.0029576111119240522
28.34800148010254,31.11082649230957,-14.645684242248535,0.0,0.0,-0.40077897906303406,0.0,0.9161747694015503,0.03206739202141762,0.0029708861839026213
28.352001190185547,31.11627197265625,-14.651566505432129,0.0,0.0,-0.399985134601593,0.0,0.9165216684341431,0.03206757456064224,0.002978210337460041
28.356000900268555,31.121728897094727,-14.657439231872559,0.0,0.0,-0.39920106530189514,0.0,0.9168634414672852,0.03206407278776169,0.002940216101706028
28.360000610351562,31.127193450927734,-14.663301467895508,0.0,0.0,-0.3984113931655884,0.0,0.9172068238258362,0.032056886702775955,0.0029603575821965933
28.364002227783203,31.132667541503906,-14.669153213500977,0.0,0.0,-0.3976213037967682,0.0,0.9175496101379395,0.03205735236406326,0.002960815327242017
28.36800193786621,31.138153076171875,-14.674995422363281,0.0,0.0,-0.3968409299850464,0.0,0.9178873896598816,0.03205035626888275,0.0029232788365334272
28.37200164794922,31.143646240234375,-14.680828094482422,0.0,0.0,-0.39605528116226196,0.0,0.9182267189025879,0.03205109387636185,0.002942047081887722
28.376001358032227,31.149150848388672,-14.686651229858398,0.0,0.0,-0.3952721357345581,0.0,0.9185640811920166,0.0320480652153492,0.002931518480181694
28.380001068115234,31.1546630859375,-14.692462921142578,0.0,0.0,-0.394493967294693,0.0,0.9188985824584961,0.03204137459397316,0.0029118347447365522
28.384000778198242,31.160184860229492,-14.69826602935791,0.0,0.0,-0.3937084376811981,0.0,0.919235348701477,0.03204239159822464,0.002937927143648267
28.38800048828125,31.16571617126465,-14.704058647155762,0.0,0.0,-0.39292940497398376,0.0,0.919568657875061,0.03203583508729935,0.0029127502348273993
28.39200210571289,31.17125701904297,-14.70984172821045,0.0,0.0,-0.3921520709991455,0.0,0.9199004173278809,0.03203708305954933,0.002905425848439336
28.3960018157959,31.176807403564453,-14.715615272521973,0.0,0.0,-0.3913734555244446,0.0,0.9202319383621216,0.03203454613685608,0.0029090880416333675
28.400001525878906,31.18236541748047,-14.721378326416016,0.0,0.0,-0.3905966579914093,0.0,0.9205619692802429,0.03202833607792854,0.0029017638880759478
28.404001235961914,31.18793487548828,-14.727130889892578,0.0,0.0,-0.3898193836212158,0.0,0.9208913445472717,0.03202981501817703,0.0029022216331213713
28.408000946044922,31.193511962890625,-14.732874870300293,0.0,0.0,-0.38904517889022827,0.0,0.9212186932563782,0.03202378377318382,0.0028894043061882257
28.41200065612793,31.199100494384766,-14.738609313964844,0.0,0.0,-0.3882695734500885,0.0,0.9215458631515503,0.03202546387910843,0.002893981756642461
28.41600227355957,31.204696655273438,-14.744333267211914,0.0,0.0,-0.3874990940093994,0.0,0.9218701124191284,0.03202342614531517,0.0028738402761518955
28.420001983642578,31.210302352905273,-14.75004768371582,0.0,0.0,-0.3867272734642029,0.0,0.9221941828727722,0.03201768174767494,0.0028779602143913507
28.424001693725586,31.215917587280273,-14.755752563476562,0.0,0.0,-0.38595154881477356,0.0,0.9225190281867981,0.032019633799791336,0.0028912352863699198
28.428001403808594,31.221542358398438,-14.761446952819824,0.0,0.0,-0.38517895340919495,0.0,0.9228419065475464,0.03201405331492424,0.0028784179594367743
28.4320011138916,31.227174758911133,-14.767132759094238,0.0,0.0,-0.3844051659107208,0.0,0.9231644868850708,0.03201620280742645,0.0028820799198001623
28.43600082397461,31.232818603515625,-14.772808074951172,0.0,0.0,-0.38363611698150635,0.0,0.9234843254089355,0.03201461583375931,0.0028633116744458675
28.440000534057617,31.23847007751465,-14.778474807739258,0.0,0.0,-0.3828693628311157,0.0,0.9238024950027466,0.03200933337211609,0.0028536985628306866
28.444002151489258,31.244131088256836,-14.784130096435547,0.0,0.0,-0.38209816813468933,0.0,0.9241217374801636,0.03201174736022949,0.002869262592867017
28.448001861572266,31.249801635742188,-14.789777755737305,0.0,0.0,-0.3813280165195465,0.0,0.9244398474693298,0.03201043978333473,0.002864684909582138
28.452001571655273,31.255481719970703,-14.795413970947266,0.0,0.0,-0.38055679202079773,0.0,0.9247575402259827,0.03200541064143181,0.0028674316126853228
28.45600128173828,31.26116943359375,-14.801040649414062,0.0,0.0,-0.37978872656822205,0.0,0.9250732660293579,0.0320080928504467,0.0028546142857521772
28.46000099182129,31.26686668395996,-14.806657791137695,0.0,0.0,-0.3790203928947449,0.0,0.9253883361816406,0.0320032499730587,0.0028550720307976007
28.464000701904297,31.27257537841797,-14.81226634979248,0.0,0.0,-0.37825125455856323,0.0,0.9257029891014099,0.03200611099600792,0.0028569030109792948
28.468000411987305,31.278289794921875,-14.817865371704102,0.0,0.0,-0.37748271226882935,0.0,0.926016628742218,0.03200525790452957,0.0028536985628306866
28.472002029418945,31.284015655517578,-14.823453903198242,0.0,0.0,-0.37671345472335815,0.0,0.9263298511505127,0.032000668346881866,0.0028555297758430243
28.476001739501953,31.289751052856445,-14.829032897949219,0.0,0.0,-0.37594732642173767,0.0,0.926641047000885,0.03200380504131317,0.0028427124489098787
28.48000144958496,31.295494079589844,-14.834601402282715,0.0,0.0,-0.3751774728298187,0.0,0.9269530177116394,0.03199939429759979,0.0028555297758430243
28.48400115966797,31.301246643066406,-14.84016227722168,0.0,0.0,-0.37441059947013855,0.0,0.9272630214691162,0.03200270235538483,0.0028436279390007257
28.488000869750977,31.307008743286133,-14.845712661743164,0.0,0.0,-0.37364041805267334,0.0,0.9275736808776855,0.0320022888481617,0.0028550720307976007
28.492000579833984,31.31277847290039,-14.851251602172852,0.0,0.0,-0.3728731572628021,0.0,0.9278823137283325,0.03199814260005951,0.0028431701939553022
28.496002197265625,31.318559646606445,-14.856782913208008,0.0,0.0,-0.3721056878566742,0.0,0.9281904101371765,0.03200171887874603,0.0028431701939553022
28.500001907348633,31.32434844970703,-14.8623046875,0.0,0.0,-0.3713344633579254,0.0,0.9284992218017578,0.03199774771928787,0.0028559875208884478
28.50400161743164,31.33014678955078,-14.867816925048828,0.0,0.0,-0.3705698847770691,0.0,0.9288046360015869,0.03200149908661842,0.002830352634191513
28.50800132751465,31.335954666137695,-14.873319625854492,0.0,0.0,-0.3698016107082367,0.0,0.9291107654571533,0.032001517713069916,0.0028431701939553022
28.512001037597656,31.34177017211914,-14.87881088256836,0.0,0.0,-0.3690296411514282,0.0,0.929417610168457,0.031997814774513245,0.0028559875208884478
28.516000747680664,31.347597122192383,-14.884294509887695,0.0,0.0,-0.36825743317604065,0.0,0.9297239184379578,0.03200182691216469,0.0028559875208884478
28.520000457763672,31.353431701660156,-14.889766693115234,0.0,0.0,-0.36749184131622314,0.0,0.9300267696380615,0.031998299062252045,0.002830352634191513
28.524002075195312,31.359275817871094,-14.895231246948242,0.0,0.0,-0.36671942472457886,0.0,0.9303316473960876,0.03200248256325722,0.0028546142857521772
28.52800178527832,31.365127563476562,-14.900686264038086,0.0,0.0,-0.3659427762031555,0.0,0.9306373596191406,0.032002951949834824,0.002869262592867017
28.532001495361328,31.370990753173828,-14.906129837036133,0.0,0.0,-0.3651765286922455,0.0,0.9309383034706116,0.03199968487024307,0.0028298948891460896
28.536001205444336,31.376861572265625,-14.911565780639648,0.0,0.0,-0.3644070029258728,0.0,0.9312397837638855,0.03200412914156914,0.0028413389809429646
28.540000915527344,31.38274383544922,-14.916990280151367,0.0,0.0,-0.36363303661346436,0.0,0.9315422773361206,0.032004859298467636,0.0028569030109792948
28.54400062561035,31.38863182067871,-14.922405242919922,0.0,0.0,-0.3628592789173126,0.0,0.9318439960479736,0.032001856714487076,0.0028550720307976007
28.548002243041992,31.39453125,-14.927812576293945,0.0,0.0,-0.3620817959308624,0.0,0.9321463704109192,0.03200657665729523,0.0028678893577307463
28.552001953125,31.40043830871582,-14.933208465576172,0.0,0.0,-0.3613075613975525,0.0,0.9324467182159424,0.03200376033782959,0.0028546142857521772
28.556001663208008,31.406356811523438,-14.938594818115234,0.0,0.0,-0.360533744096756,0.0,0.932746171951294,0.03200864791870117,0.002852325327694416
28.560001373291016,31.412282943725586,-14.943971633911133,0.0,0.0,-0.3597550690174103,0.0,0.9330467581748962,0.03200982138514519,0.002869262592867017
28.564001083374023,31.418216705322266,-14.949338912963867,0.0,0.0,-0.3589767813682556,0.0,0.9333465099334717,0.03200726956129074,0.0028669738676398993
28.56800079345703,31.424161911010742,-14.954696655273438,0.0,0.0,-0.3582018315792084,0.0,0.93364417552948,0.03201243653893471,0.0028541565407067537
28.57200050354004,31.43011474609375,-14.960044860839844,0.0,0.0,-0.35742318630218506,0.0,0.9339425563812256,0.032010048627853394,0.0028665161225944757
28.57600212097168,31.436079025268555,-14.965383529663086,0.0,0.0,-0.3566417694091797,0.0,0.9342412352561951,0.03201540559530258,0.002876129001379013
28.580001831054688,31.44205093383789,-14.970712661743164,0.0,0.0,-0.35586196184158325,0.0,0.9345385432243347,0.03201702609658241,0.002869262592867017
28.584001541137695,31.44803237915039,-14.976030349731445,0.0,0.0,-0.355075865983963,0.0,0.9348374605178833,0.03201492130756378,0.0028912352863699198
28.588001251220703,31.454023361206055,-14.981340408325195,0.0,0.0,-0.3542931079864502,0.0,0.9351344704627991,0.03202056139707565,0.0028779602143913507
28.59200096130371,31.460023880004883,-14.986639022827148,0.0,0.0,-0.35351017117500305,0.0,0.9354307055473328,0.032018620520830154,0.0028779602143913507
28.59600067138672,31.466033935546875,-14.991929054260254,0.0,0.0,-0.3527212142944336,0.0,0.9357284903526306,0.03202444314956665,0.002899017184972763
28.60000228881836,31.4720516204834,-14.997209548950195,0.0,0.0,-0.3519369065761566,0.0,0.9360237121582031,0.03202652931213379,0.0028811644297093153
28.604001998901367,31.478078842163086,-15.002479553222656,0.0,0.0,-0.3511500656604767,0.0,0.9363191723823547,0.032024871557950974,0.0028894043061882257
28.608001708984375,31.484115600585938,-15.007740020751953,0.0,0.0,-0.3503561317920685,0.0,0.9366165995597839,0.03203096613287926,0.0029145812150090933
